##FastQC	0.10.1
>>Basic Statistics	pass
#Measure	Value	
Filename	Trimmed_Partial_SRR2467145.fastq	
File type	Conventional base calls	
Encoding	Sanger / Illumina 1.9	
Total Sequences	4845	
Filtered Sequences	0	
Sequence length	60-91	
%GC	41	
>>END_MODULE
>>Per base sequence quality	pass
#Base	Mean	Median	Lower Quartile	Upper Quartile	10th Percentile	90th Percentile
1	38.05077399380805	39.0	38.0	39.0	35.0	39.0
2	38.01114551083592	39.0	38.0	39.0	35.0	39.0
3	37.41836945304438	39.0	37.0	39.0	34.0	39.0
4	39.45696594427245	41.0	39.0	41.0	36.0	41.0
5	39.5031991744066	41.0	39.0	41.0	37.0	41.0
6	39.51455108359133	41.0	39.0	41.0	37.0	41.0
7	39.49721362229102	41.0	39.0	41.0	37.0	41.0
8	39.15128998968008	41.0	39.0	41.0	36.0	41.0
9	39.539318885448914	41.0	39.0	41.0	37.0	41.0
10-14	39.59958720330237	41.0	39.0	41.0	36.8	41.0
15-19	39.19157894736843	40.4	38.8	41.0	36.0	41.0
20-24	39.25581011351909	40.4	39.0	41.0	36.0	41.0
25-29	39.16482972136223	40.0	38.6	41.0	35.8	41.0
30-34	38.879380804953556	40.0	38.2	41.0	34.6	41.0
35-39	39.094076367389064	40.0	38.8	41.0	35.4	41.0
40-44	38.911950464396284	40.0	38.0	41.0	35.0	41.0
45-49	38.295025799793606	40.0	37.6	41.0	33.6	41.0
50-54	38.006976264189895	39.2	36.6	41.0	33.8	41.0
55-59	36.8558101135191	37.8	35.2	39.8	32.0	41.0
60-64	36.182208695069285	36.6	35.0	39.0	31.8	40.6
65-69	34.01038754277867	34.4	33.0	36.4	29.6	38.6
70-74	34.409737638504154	35.0	34.0	36.0	30.8	37.6
75-79	33.764359541521166	35.0	33.8	35.0	29.8	36.2
80-84	33.57701079705331	35.0	33.8	35.0	30.2	36.0
85-89	33.644147618912385	35.0	33.8	35.0	30.6	35.0
90-91	32.175788397072	33.5	31.0	34.5	27.0	35.0
>>END_MODULE
>>Per sequence quality scores	pass
#Quality	Count
25	1.0
26	3.0
27	10.0
28	30.0
29	41.0
30	63.0
31	93.0
32	94.0
33	174.0
34	209.0
35	301.0
36	532.0
37	1028.0
38	1680.0
39	577.0
40	9.0
>>END_MODULE
>>Per base sequence content	warn
#Base	G	A	T	C
1	23.302373581011352	29.76264189886481	25.28379772961816	21.651186790505676
2	21.50670794633643	23.735810113519094	31.269349845201237	23.48813209494324
3	20.43343653250774	27.86377708978328	32.074303405572756	19.628482972136226
4	19.15376676986584	28.482972136222912	33.20949432404541	19.15376676986584
5	19.277605779153767	27.347781217750256	32.136222910216716	21.238390092879257
6	20.763673890608874	27.84313725490196	31.39318885448916	20.0
7	20.41279669762642	27.24458204334365	31.475748194014447	20.86687306501548
8	20.784313725490197	28.21465428276574	30.19607843137255	20.804953560371516
9	21.2796697626419	28.71001031991744	29.453044375644993	20.557275541795665
10-14	20.41279669762642	28.51186790505676	30.54282765737874	20.53250773993808
15-19	20.54076367389061	28.090815273477816	31.240454076367392	20.12796697626419
20-24	20.35500515995872	27.90918472652219	31.029927760577912	20.705882352941178
25-29	20.474716202270383	27.90092879256966	30.60061919504644	21.02373581011352
30-34	20.792569659442727	28.47058823529412	30.617131062951497	20.11971104231166
35-39	20.310435931307794	28.3272787318362	30.362450462351386	20.999834874504625
40-44	19.987616099071207	27.971104231166148	31.06295149638803	20.978328173374614
45-49	20.53250773993808	27.859649122807017	30.596491228070178	21.01135190918473
50-54	20.44582043343653	28.734778121775022	30.33642930856553	20.48297213622291
55-59	20.012383900928793	28.251805985552114	30.567595459236323	21.168214654282767
60-64	20.448248769796965	28.65235909523219	30.03762973989993	20.86176239507092
65-69	20.972909991261286	27.868170280054926	30.28171944571595	20.877200282967834
70-74	20.737327188940093	28.114788437369082	30.98031001256808	20.167574361122746
75-79	21.0795502578409	28.1427001437146	30.02367063995266	20.754078958491842
80-84	20.971867007672635	28.115942028985508	29.89769820971867	21.014492753623188
85-89	20.707857390100383	27.920560747663554	30.490654205607477	20.880927656628593
90-91	21.60196890032442	28.884662713950103	29.947421411791026	19.565946973934444
>>END_MODULE
>>Per base GC content	pass
#Base	%GC
1	44.95356037151703
2	44.99484004127967
3	40.06191950464396
4	38.30753353973168
5	40.515995872033024
6	40.76367389060888
7	41.279669762641895
8	41.589267285861716
9	41.83694530443757
10-14	40.9453044375645
15-19	40.6687306501548
20-24	41.060887512899896
25-29	41.4984520123839
30-34	40.91228070175438
35-39	41.310270805812415
40-44	40.96594427244582
45-49	41.54385964912281
50-54	40.92879256965944
55-59	41.18059855521155
60-64	41.31001116486788
65-69	41.85011027422912
70-74	40.90490155006284
75-79	41.83362921633274
80-84	41.98635976129582
85-89	41.58878504672897
90-91	41.16791587425887
>>END_MODULE
>>Per sequence GC content	pass
#GC Content	Count
0	0.0
1	0.0
2	0.0
3	0.0
4	0.0
5	0.0
6	0.0
7	0.0
8	0.0
9	0.0
10	0.5
11	1.0
12	0.5
13	0.0
14	0.0
15	0.5
16	1.0
17	1.0
18	1.0
19	2.5
20	4.0
21	4.5
22	5.0
23	9.5
24	14.0
25	16.0
26	22.5
27	26.5
28	37.5
29	51.5
30	60.0
31	79.0
32	102.0
33	112.5
34	135.0
35	175.5
36	223.0
37	260.5
38	266.5
39	294.0
40	342.0
41	349.5
42	360.0
43	370.0
44	360.0
45	337.0
46	302.5
47	273.0
48	226.5
49	172.0
50	118.5
51	88.5
52	69.0
53	43.5
54	29.0
55	19.5
56	14.5
57	11.5
58	7.0
59	3.5
60	1.5
61	1.0
62	1.0
63	0.5
64	0.0
65	0.0
66	0.0
67	0.0
68	0.0
69	0.0
70	0.0
71	0.0
72	0.0
73	0.0
74	0.0
75	0.0
76	0.0
77	0.0
78	0.0
79	0.0
80	0.0
81	0.0
82	0.0
83	0.0
84	0.0
85	0.0
86	0.0
87	0.0
88	0.0
89	0.0
90	0.0
91	0.0
92	0.0
93	0.0
94	0.0
95	0.0
96	0.0
97	0.0
98	0.0
99	0.0
100	0.0
>>END_MODULE
>>Per base N content	pass
#Base	N-Count
1	0.0
2	0.0
3	0.0
4	0.0
5	0.0
6	0.0
7	0.0
8	0.0
9	0.0
10-14	0.0
15-19	0.0
20-24	0.0
25-29	0.0
30-34	0.0
35-39	0.00412796697626419
40-44	0.0
45-49	0.0
50-54	0.0
55-59	0.0
60-64	0.0
65-69	0.0
70-74	0.0
75-79	0.0
80-84	0.0
85-89	0.0
90-91	0.0
>>END_MODULE
>>Sequence Length Distribution	warn
#Length	Count
60	4.0
61	5.0
62	1.0
63	9.0
64	8.0
65	9.0
66	3.0
67	3.0
68	8.0
69	5.0
70	6.0
71	11.0
72	6.0
73	11.0
74	13.0
75	4.0
76	7.0
77	8.0
78	4.0
79	4.0
80	9.0
81	16.0
82	12.0
83	12.0
84	11.0
85	11.0
86	11.0
87	24.0
88	43.0
89	24.0
90	147.0
91	4396.0
>>END_MODULE
>>Sequence Duplication Levels	pass
#Total Duplicate Percentage	4.767801857585139
#Duplication Level	Relative count
1	100.0
2	2.2540095361941916
3	0.10836584308625921
4	0.043346337234503686
5	0.0
6	0.0
7	0.0
8	0.0
9	0.0
10++	0.0
>>END_MODULE
>>Overrepresented sequences	pass
>>END_MODULE
>>Kmer Content	warn
#Sequence	Count	Obs/Exp Overall	Obs/Exp Max	Max Obs/Exp Position
CACCA	1055	3.5046105	8.59304	6
GCAGC	735	3.3499627	7.85997	2
CTTGG	1125	3.2744334	6.274251	2
CAGCA	880	2.9538257	5.788559	2
TCTTG	1450	2.8792834	5.992703	1
AGCAG	840	2.8490255	5.84905	1
TTCTT	2090	2.8313622	5.25654	9
CCACC	630	2.8123124	7.698237	2
CCTTG	930	2.6788707	7.451236	6
GCACC	570	2.5710626	5.834012	2
TTGGA	1185	2.566648	7.4704404	8
ACCAC	770	2.5578673	7.1608667	9
CTTCA	1205	2.5562618	6.4021316	2
CAGCG	555	2.529564	9.824964	9
TCAGC	805	2.503118	5.3623323	7
TGGAA	1055	2.4667044	8.06423	9
CACCG	525	2.368084	5.834012	9
GCTTC	820	2.3620148	7.451235	1
GTTGG	775	2.2792928	6.339817	8
TGGAG	710	2.254102	6.843739	1
AACCA	900	2.2248163	5.3288064	8
GCCTT	760	2.1891844	6.209362	7
GGAAG	605	2.0734198	5.9101725	9
AGAAG	810	2.0444026	5.4407616	7
TTCAG	940	2.0149345	5.544886	3
GGCAG	435	2.0033498	5.9565806	9
TTTGG	975	1.9563018	5.19028	4
CCAAG	575	1.9300565	7.2356987	7
TGGCC	455	1.9210882	5.4609156	2
TCTGG	650	1.8918948	7.5291014	6
GATGG	585	1.8572528	5.474991	8
TACCG	585	1.8190361	6.702915	6
ACCGT	585	1.8190359	5.362332	7
TTTTC	1330	1.801776	5.25654	2
AGCCT	565	1.7568467	5.362332	1
ACCCA	525	1.7440004	5.7286935	1
ACACC	520	1.727391	7.160867	7
CCAGT	550	1.7102051	6.7029157	3
GCAAC	490	1.6447437	7.2356977	8
GGCCA	360	1.6407981	5.8949776	4
GTGGT	555	1.6322678	5.0718536	1
GGCTT	560	1.6299399	5.0194	2
CCAGA	480	1.6111776	5.788559	5
GGAGC	345	1.5888636	5.9565806	1
AAACC	640	1.5820917	5.328807	3
TGATG	715	1.5486526	5.6028304	6
AAGAA	830	1.5427978	5.6096687	8
GTGGC	360	1.5358658	5.5179825	2
TTACC	710	1.506179	5.4875407	5
ATGGA	635	1.4846989	5.040144	9
ACCAT	640	1.4655982	6.9110065	9
CGGCA	320	1.4584872	5.8949776	5
CTGGC	345	1.4566493	5.4609156	7
TTTTG	1040	1.4236307	5.901634	2
GGAGT	435	1.3810343	5.4749913	2
GTACC	440	1.368164	5.3623323	8
GCGGC	220	1.3615257	5.336314	1
GCAAA	545	1.3613288	5.384493	9
AGCGG	295	1.3585935	5.9565806	6
GGTTG	450	1.3234603	5.0718536	3
GTAAC	560	1.2957997	5.985623	2
CCCAG	275	1.2404251	5.8340125	2
ATTTG	820	1.2116987	5.0965824	3
TCCAC	390	1.2001492	5.306875	7
AATAG	695	1.1967378	5.1966147	8
GGAGG	255	1.1866498	8.025104	8
AGAGG	340	1.1652278	5.9101734	9
GTGAC	365	1.1468145	5.4183693	8
ATAGC	485	1.1222551	5.985623	9
GTGGG	260	1.120828	5.5756454	9
GTGCT	365	1.0623716	5.0194006	9
GCTGC	200	0.8444344	5.4609156	5
GCCAT	270	0.839555	5.362332	6
GCATA	350	0.8098748	6.983227	2
TGGGC	185	0.7892643	5.5179825	7
TGCAC	215	0.66853464	5.3623323	7
GGGCC	100	0.61887527	8.004472	8
GCGCC	65	0.39810863	5.281126	9
>>END_MODULE
