##FastQC	0.10.1
>>Basic Statistics	pass
#Measure	Value	
Filename	Trimmed_Partial_SRR2467149.fastq	
File type	Conventional base calls	
Encoding	Sanger / Illumina 1.9	
Total Sequences	4868	
Filtered Sequences	0	
Sequence length	60-91	
%GC	41	
>>END_MODULE
>>Per base sequence quality	pass
#Base	Mean	Median	Lower Quartile	Upper Quartile	10th Percentile	90th Percentile
1	37.969391947411665	39.0	38.0	39.0	35.0	39.0
2	37.93426458504519	39.0	38.0	39.0	35.0	39.0
3	37.16926869350863	39.0	37.0	39.0	33.0	39.0
4	39.41557107641742	41.0	39.0	41.0	36.0	41.0
5	39.367502054231714	41.0	39.0	41.0	36.0	41.0
6	39.42810188989318	41.0	39.0	41.0	36.0	41.0
7	39.33627773212818	41.0	39.0	41.0	36.0	41.0
8	39.04786359901397	40.0	38.0	41.0	35.0	41.0
9	39.4829498767461	41.0	39.0	41.0	37.0	41.0
10-14	39.52617091207888	41.0	39.0	41.0	36.8	41.0
15-19	39.10612161051766	40.4	38.6	41.0	35.6	41.0
20-24	39.19757600657354	40.2	39.0	41.0	35.8	41.0
25-29	39.085620377978636	40.0	39.0	41.0	35.4	41.0
30-34	38.71261298274446	40.0	38.0	41.0	34.4	41.0
35-39	38.983689400164344	40.0	38.4	41.0	35.0	41.0
40-44	38.80764174198849	40.0	38.0	41.0	34.8	41.0
45-49	38.29737058340181	40.0	37.6	41.0	33.8	41.0
50-54	37.97929334428924	39.2	36.6	41.0	33.6	41.0
55-59	36.82218570254725	37.8	35.2	39.8	31.6	41.0
60-64	36.1165068708249	36.6	35.0	39.0	31.4	40.6
65-69	33.95999787109429	34.4	32.8	36.4	29.2	38.6
70-74	34.26442649266604	35.0	33.8	36.0	30.6	37.6
75-79	33.685858411749635	35.0	33.6	35.0	29.8	36.2
80-84	33.54526128911597	35.0	33.6	35.0	29.8	36.0
85-89	33.62022500382461	35.0	33.8	35.0	30.6	35.0
90-91	32.12614031476397	33.5	31.5	34.5	27.0	35.0
>>END_MODULE
>>Per sequence quality scores	pass
#Quality	Count
25	2.0
26	5.0
27	10.0
28	23.0
29	56.0
30	76.0
31	100.0
32	115.0
33	161.0
34	214.0
35	333.0
36	493.0
37	1020.0
38	1696.0
39	557.0
40	7.0
>>END_MODULE
>>Per base sequence content	warn
#Base	G	A	T	C
1	23.356614626129826	29.786359901396875	25.760065735414955	21.09695973705834
2	20.460147904683648	24.383730484798686	31.6557107641742	23.500410846343467
3	19.884963023829087	27.999178307313066	32.39523418241578	19.72062448644207
4	20.439605587510272	28.26622843056697	32.27198027937551	19.022185702547247
5	20.60394412489729	27.259654889071488	31.73788003286771	20.39852095316352
6	21.30238290879211	28.92358258011504	30.443714050944948	19.330320460147902
7	21.343467543138868	28.80032867707477	30.62859490550534	19.227608874281017
8	19.905505341002467	27.115858668857847	30.382087099424815	22.596548890714875
9	20.994248151191456	29.27280197206245	29.82744453574363	19.905505341002467
10-14	20.673788003286774	28.557929334428923	30.55053410024651	20.217748562037798
15-19	20.534100246507805	27.460969597370582	31.224322103533282	20.78060805258833
20-24	20.139687756778965	28.95645028759244	30.439605587510272	20.464256368118324
25-29	20.4815316980977	28.082501335305476	30.794198611282305	20.641768355314515
30-34	20.801150369761707	28.434675431388662	31.018898931799505	19.745275267050122
35-39	19.98931711726518	28.597255320897364	30.392801380557156	21.020626181280303
40-44	20.139687756778965	28.77567789646672	30.649137222678718	20.435497124075596
45-49	20.36976170912079	27.78553820870994	31.26540673788003	20.579293344289233
50-54	20.63681183237469	28.44289235825801	30.217748562037798	20.7025472473295
55-59	20.29580936729663	28.204601479046836	30.439605587510272	21.05998356614626
60-64	20.46297059065821	28.630859214103303	30.566768267567348	20.33940192767114
65-69	20.37198127666625	28.362536763182966	30.176877511287852	21.08860444886293
70-74	20.425177157148813	28.50354314297624	30.85452271779908	20.216756982075864
75-79	20.293573351278603	28.781123822341858	30.253196500672946	20.672106325706597
80-84	20.786230344241392	28.334041648958774	30.021249468763283	20.858478538036547
85-89	20.760827324150437	28.170473681937906	30.009931344185848	21.05876764972581
90-91	21.50392817059484	29.854096520763186	28.97867564534231	19.663299663299664
>>END_MODULE
>>Per base GC content	pass
#Base	%GC
1	44.45357436318817
2	43.960558751027115
3	39.60558751027116
4	39.46179129005752
5	41.00246507806081
6	40.632703368940014
7	40.57107641741988
8	42.50205423171734
9	40.899753492193916
10-14	40.89153656532457
15-19	41.31470829909614
20-24	40.60394412489729
25-29	41.12330005341222
30-34	40.54642563681183
35-39	41.00994329854549
40-44	40.57518488085456
45-49	40.94905505341003
50-54	41.33935907970419
55-59	41.35579293344289
60-64	40.80237251832935
65-69	41.46058572552918
70-74	40.64193413922468
75-79	40.9656796769852
80-84	41.64470888227794
85-89	41.81959497387624
90-91	41.1672278338945
>>END_MODULE
>>Per sequence GC content	warn
#GC Content	Count
0	0.0
1	0.0
2	0.0
3	0.0
4	0.0
5	0.0
6	0.0
7	0.0
8	0.0
9	0.0
10	0.0
11	0.0
12	0.0
13	0.0
14	0.0
15	0.0
16	0.0
17	0.5
18	1.0
19	2.0
20	3.0
21	4.5
22	6.0
23	6.0
24	7.0
25	15.0
26	23.5
27	30.5
28	40.0
29	56.0
30	79.5
31	97.0
32	123.5
33	142.5
34	157.0
35	177.0
36	209.0
37	267.5
38	285.5
39	300.0
40	318.5
41	333.0
42	360.5
43	364.0
44	365.0
45	337.5
46	293.0
47	254.5
48	216.0
49	169.5
50	123.0
51	91.0
52	63.0
53	40.0
54	26.5
55	25.0
56	23.0
57	14.5
58	5.0
59	1.5
60	1.5
61	1.0
62	0.0
63	0.5
64	1.0
65	0.5
66	0.0
67	0.0
68	0.0
69	0.0
70	0.0
71	0.0
72	0.0
73	0.0
74	0.0
75	0.0
76	0.0
77	0.0
78	0.0
79	0.0
80	0.0
81	0.0
82	0.0
83	0.0
84	0.0
85	0.0
86	0.0
87	0.0
88	0.0
89	0.0
90	0.0
91	0.0
92	0.0
93	0.0
94	0.0
95	0.0
96	0.0
97	0.0
98	0.0
99	0.0
100	0.0
>>END_MODULE
>>Per base N content	pass
#Base	N-Count
1	0.0
2	0.0
3	0.0
4	0.0
5	0.0
6	0.0
7	0.0
8	0.0
9	0.0
10-14	0.0
15-19	0.0
20-24	0.0
25-29	0.004108463434675431
30-34	0.0
35-39	0.008216926869350862
40-44	0.0
45-49	0.0
50-54	0.0
55-59	0.0
60-64	0.0
65-69	0.0
70-74	0.0
75-79	0.0
80-84	0.0
85-89	0.0
90-91	0.0
>>END_MODULE
>>Sequence Length Distribution	warn
#Length	Count
60	7.0
61	8.0
62	3.0
63	4.0
64	9.0
65	5.0
66	1.0
67	6.0
68	9.0
69	6.0
70	3.0
71	4.0
72	13.0
73	10.0
74	10.0
75	6.0
76	9.0
77	7.0
78	9.0
79	10.0
80	9.0
81	17.0
82	9.0
83	10.0
84	10.0
85	20.0
86	12.0
87	28.0
88	39.0
89	37.0
90	166.0
91	4372.0
>>END_MODULE
>>Sequence Duplication Levels	pass
#Total Duplicate Percentage	4.232586809122663
#Duplication Level	Relative count
1	100.0
2	1.930916112422227
3	0.1930916112422227
4	0.0
5	0.0
6	0.0
7	0.0
8	0.0
9	0.0
10++	0.0
>>END_MODULE
>>Overrepresented sequences	pass
>>END_MODULE
>>Kmer Content	warn
#Sequence	Count	Obs/Exp Overall	Obs/Exp Max	Max Obs/Exp Position
TCTTC	1625	3.34875	5.14521	40-44
TTCTT	2255	3.1183453	5.3630567	55-59
GCAGC	640	3.0072248	10.113503	1
ACCAG	865	2.9433753	5.859158	3
CAGCA	865	2.943375	7.323947	8
AGCAG	855	2.86142	8.643953	9
CTTCA	1250	2.7341394	6.5910463	8
CCTTG	905	2.7334785	5.200831	6
CACCA	785	2.7158966	5.9572973	5
CTTGG	905	2.6884477	6.3939424	7
TCTTG	1285	2.6044645	6.107438	8
ACCAA	1015	2.5011466	5.30382	7
CCACC	510	2.4773324	6.2730827	4
TGGCA	755	2.3805716	5.429251	7
CACCG	495	2.364859	8.226322	5
TTGGA	1080	2.2851052	5.464864	3
GCACC	475	2.269309	8.226322	8
CAACA	900	2.2177653	5.30382	6
TCTGG	735	2.1834354	5.115154	2
AACCA	885	2.1808026	6.364584	3
GGAAG	660	2.172428	6.1501956	85-87
ACCAC	625	2.162338	5.9572973	3
GCTTC	695	2.0991907	5.200831	1
CCAGC	435	2.0782094	6.1697416	8
AACAA	1160	2.0359194	6.044192	8
TCTCT	985	2.0298579	5.322631	9
CCAAG	595	2.024634	5.859158	4
CTTGT	965	1.955882	5.2349467	1
TTTGG	965	1.923661	5.148707	9
CCAAC	550	1.9028575	5.9572973	1
AAGAA	1075	1.855654	5.9446216	9
CTGGG	425	1.8504597	9.371441	4
ACCCA	530	1.8336627	5.9572973	1
GCTTG	590	1.7526895	6.393942	1
GGCAG	370	1.7099115	5.037049	85-87
GTGGT	585	1.7092075	5.0308876	1
CAACC	485	1.6779745	8.935946	5
TGGGG	380	1.6272721	5.5302343	5
CAGCT	495	1.5869143	5.520189	2
TGGGA	510	1.581577	6.674763	5
TGGTC	525	1.5595968	5.115154	6
TCAAC	670	1.5554881	6.995771	4
GCTGG	355	1.5456781	5.6228642	3
AGCCT	470	1.5067674	5.52019	6
TGGGT	515	1.5046871	5.0308876	1
GGAAA	630	1.501708	5.1305113	5
TGACC	455	1.4586788	6.9002366	1
AAGCA	595	1.4420357	5.216446	1
CCCAA	415	1.4357928	7.4466224	2
GCGGC	220	1.4274639	5.5862207	2
ACAAA	790	1.3865314	6.044192	6
GCAGT	430	1.355822	5.4292502	2
ATGGG	430	1.3334864	5.33981	4
GAAAA	770	1.3291662	5.201544	4
GGGAG	280	1.2726703	5.86982	8
CAGTC	395	1.2663255	5.520189	9
CAACG	370	1.259016	5.859158	5
GGCAC	265	1.245179	6.068102	7
GGTGT	405	1.1832975	5.0308876	3
GGAGC	255	1.1784526	5.968138	9
GTCTC	385	1.162861	5.2008314	8
GCTCT	385	1.162861	5.200831	1
GTCCA	345	1.1060313	5.52019	4
TGCCA	345	1.1060313	5.52019	6
GGTAC	350	1.1035761	5.4292507	9
CTACC	325	1.0593653	5.612651	1
AGAGC	310	1.0374739	5.211008	85-87
GTGTG	310	0.90573394	5.0308876	4
GGGTG	210	0.899282	5.5302343	2
CTGAA	390	0.8905175	5.8975925	6
CTGCT	285	0.8608192	5.2008314	3
CTAGC	255	0.8175013	5.5201893	4
TCGGC	155	0.68617755	5.7170463	8
GCCCT	140	0.6301542	5.812804	4
CGGCG	90	0.58396244	5.5862203	3
CGGGT	120	0.5224827	5.6228642	1
GCGCC	70	0.4618006	5.6797886	5
GGCGC	65	0.42175066	5.5862207	4
>>END_MODULE
