##FastQC	0.10.1
>>Basic Statistics	pass
#Measure	Value	
Filename	Trimmed_Partial_SRR2467151.fastq	
File type	Conventional base calls	
Encoding	Sanger / Illumina 1.9	
Total Sequences	4849	
Filtered Sequences	0	
Sequence length	60-91	
%GC	41	
>>END_MODULE
>>Per base sequence quality	pass
#Base	Mean	Median	Lower Quartile	Upper Quartile	10th Percentile	90th Percentile
1	37.916890080428956	39.0	38.0	39.0	35.0	39.0
2	37.8488348113013	39.0	38.0	39.0	35.0	39.0
3	37.07939781398226	39.0	37.0	39.0	33.0	39.0
4	39.27737677871726	41.0	39.0	41.0	36.0	41.0
5	39.354299855640335	41.0	39.0	41.0	36.0	41.0
6	39.36399257578882	41.0	39.0	41.0	36.0	41.0
7	39.21839554547329	41.0	39.0	41.0	36.0	41.0
8	38.98886368323365	40.0	38.0	41.0	35.0	41.0
9	39.36275520725923	41.0	39.0	41.0	36.0	41.0
10-14	39.421447721179625	41.0	39.0	41.0	36.6	41.0
15-19	39.04025572282945	40.2	38.4	41.0	35.6	41.0
20-24	39.08789441121881	40.0	38.6	41.0	35.4	41.0
25-29	38.970179418436786	40.0	38.0	41.0	35.0	41.0
30-34	38.60969272014849	40.0	38.0	41.0	34.4	41.0
35-39	38.88216127036502	40.0	38.0	41.0	34.8	41.0
40-44	38.661249742214885	40.0	38.0	41.0	34.4	41.0
45-49	38.13421323984327	40.0	37.0	41.0	33.6	41.0
50-54	37.77409775211383	39.2	36.4	41.0	33.0	41.0
55-59	36.65295937306662	37.6	35.0	39.8	31.4	41.0
60-64	35.9550450284343	36.4	35.0	39.0	31.2	40.6
65-69	33.78390048672622	34.4	32.4	36.2	29.2	38.6
70-74	34.122089282638434	35.0	33.8	36.0	30.0	37.2
75-79	33.61036956658669	35.0	33.6	35.0	29.6	36.2
80-84	33.405965886701985	35.0	33.6	35.0	29.6	36.0
85-89	33.55797859518857	35.0	33.8	35.0	30.0	35.0
90-91	32.069374581753294	33.5	30.5	34.5	27.0	35.0
>>END_MODULE
>>Per sequence quality scores	pass
#Quality	Count
25	1.0
26	6.0
27	14.0
28	23.0
29	52.0
30	80.0
31	124.0
32	153.0
33	176.0
34	220.0
35	315.0
36	564.0
37	984.0
38	1558.0
39	568.0
40	11.0
>>END_MODULE
>>Per base sequence content	warn
#Base	G	A	T	C
1	23.2831511651887	28.418230563002684	26.70653743039802	21.5920808414106
2	21.11775623839967	24.62363373891524	30.748607960404208	23.510002062280883
3	19.61229119406063	28.10888843060425	33.73891524025572	18.539905135079398
4	19.880387708805937	28.397607754176118	31.862239637038563	19.859764899979375
5	20.08661579707156	27.304598886368325	31.202309754588576	21.40647556197154
6	21.38585275314498	28.23262528356362	31.016704475149513	19.364817488141885
7	21.7570633120231	26.3353268715199	31.965353681171376	19.94225613528563
8	19.67415962054032	27.46958135698082	30.129923695607342	22.72633532687152
9	21.447721179624665	29.09878325427923	29.428748195504227	20.024747370591875
10-14	20.083319584227024	27.75532090414123	31.467579607325526	20.69377990430622
15-19	20.38770880593937	27.70468137760363	30.92596411631264	20.981645700144362
20-24	20.09074035883687	27.935656836461124	30.75685708393483	21.216745720767168
25-29	20.545289556178847	27.462464939778915	30.935489193202443	21.056756310839795
30-34	21.093008867807793	28.018148071767374	30.167044751495155	20.721798308929674
35-39	20.146021531988616	28.478323639813553	30.37577857525884	20.999876252938993
40-44	20.48669828830687	27.80367085997113	30.563002680965145	21.146628170756856
45-49	20.210352650030934	28.170756857083934	30.740358836873583	20.87853165601155
50-54	20.21860177356156	28.37698494534956	30.5795009280264	20.824912353062487
55-59	19.9670035058775	27.68405856877707	30.996081666322954	21.35285625902248
60-64	20.501694354905364	28.101495991404246	30.349615670716588	21.0471939829738
65-69	20.445571303877966	28.263851365393407	30.258946755891763	21.03163057483686
70-74	20.354093420391763	28.319102628494893	30.236062280261176	21.090741670852168
75-79	20.392870750603276	27.962406333347445	30.65492570170611	20.98979721434317
80-84	20.698947728633758	28.022072033535807	30.30627085293866	20.97270938489178
85-89	20.620222756060276	28.263813059620002	30.59183227778991	20.52413190652981
90-91	21.117800749744404	28.27445189140066	30.569124162217427	20.03862319663751
>>END_MODULE
>>Per base GC content	pass
#Base	%GC
1	44.8752320065993
2	44.627758300680554
3	38.15219632914003
4	39.740152608785316
5	41.4930913590431
6	40.75067024128686
7	41.699319447308724
8	42.400494947411836
9	41.47246855021654
10-14	40.777099488533246
15-19	41.36935450608373
20-24	41.30748607960405
25-29	41.602045867018646
30-34	41.814807176737474
35-39	41.14589778492761
40-44	41.633326459063724
45-49	41.08888430604248
50-54	41.043514126624046
55-59	41.31985976489998
60-64	41.54888833787916
65-69	41.47720187871482
70-74	41.44483509124393
75-79	41.38266796494644
80-84	41.671657113525534
85-89	41.14435466259008
90-91	41.15642394638191
>>END_MODULE
>>Per sequence GC content	warn
#GC Content	Count
0	0.0
1	0.0
2	0.0
3	0.0
4	0.0
5	0.0
6	0.0
7	0.0
8	0.0
9	0.0
10	0.0
11	0.0
12	0.0
13	0.5
14	0.5
15	0.0
16	0.5
17	1.5
18	2.5
19	2.5
20	2.0
21	5.0
22	8.5
23	8.0
24	9.5
25	11.5
26	17.0
27	32.5
28	46.0
29	57.5
30	68.5
31	80.0
32	104.0
33	118.5
34	132.5
35	169.0
36	206.5
37	231.5
38	256.5
39	289.5
40	330.5
41	378.0
42	382.0
43	367.0
44	370.5
45	345.0
46	294.5
47	247.0
48	217.5
49	183.0
50	135.5
51	95.0
52	61.5
53	39.0
54	27.5
55	22.0
56	20.0
57	16.0
58	9.5
59	6.0
60	2.5
61	1.0
62	1.0
63	0.5
64	0.5
65	0.5
66	0.0
67	0.0
68	0.0
69	0.0
70	0.0
71	0.0
72	0.0
73	0.0
74	0.0
75	0.0
76	0.0
77	0.0
78	0.0
79	0.0
80	0.0
81	0.0
82	0.0
83	0.0
84	0.0
85	0.0
86	0.0
87	0.0
88	0.0
89	0.0
90	0.0
91	0.0
92	0.0
93	0.0
94	0.0
95	0.0
96	0.0
97	0.0
98	0.0
99	0.0
100	0.0
>>END_MODULE
>>Per base N content	pass
#Base	N-Count
1	0.0
2	0.0
3	0.0
4	0.0
5	0.0
6	0.0
7	0.0
8	0.0
9	0.0
10-14	0.0041245617653124355
15-19	0.0
20-24	0.0
25-29	0.0041245617653124355
30-34	0.0
35-39	0.008249123530624871
40-44	0.0
45-49	0.0
50-54	0.0
55-59	0.0
60-64	0.0
65-69	0.0
70-74	0.0
75-79	0.0
80-84	0.0
85-89	0.0
90-91	0.0
>>END_MODULE
>>Sequence Length Distribution	warn
#Length	Count
60	4.0
61	7.0
62	1.0
63	8.0
64	4.0
65	11.0
66	4.0
67	1.0
68	8.0
69	5.0
70	5.0
71	10.0
72	12.0
73	14.0
74	14.0
75	9.0
76	6.0
77	11.0
78	8.0
79	7.0
80	12.0
81	15.0
82	10.0
83	9.0
84	21.0
85	24.0
86	23.0
87	34.0
88	37.0
89	32.0
90	163.0
91	4320.0
>>END_MODULE
>>Sequence Duplication Levels	pass
#Total Duplicate Percentage	4.186430191792122
#Duplication Level	Relative count
1	100.0
2	1.9586741282823934
3	0.15066724063710718
4	0.0
5	0.0
6	0.0
7	0.0
8	0.0
9	0.0
10++	0.0
>>END_MODULE
>>Overrepresented sequences	pass
>>END_MODULE
>>Kmer Content	warn
#Sequence	Count	Obs/Exp Overall	Obs/Exp Max	Max Obs/Exp Position
GCAGC	840	3.8899066	9.968734	1
CACCA	1025	3.356228	8.458414	6
AGCAG	950	3.3513374	7.5940714	1
TCTTC	1680	3.11958	6.3956833	7
CAGCA	900	3.0588174	10.242811	2
CTTCA	1430	2.9298677	6.1747603	5
CTTGG	950	2.7527573	6.237699	8
TCTTG	1410	2.7176244	6.6385074	3
CCACC	630	2.7079053	7.4022374	5
ACCAC	810	2.6522386	5.6389427	4
ACCAA	1045	2.6066248	5.3696055	7
ACCAG	760	2.5830016	5.8530354	3
CAAAG	985	2.5502455	6.6881666	9
CACCG	565	2.5207214	5.452571	65-69
TTCAA	1560	2.4348445	6.0478253	3
CAGCG	520	2.4080374	5.9812403	4
TCTGG	790	2.289135	7.485239	4
CTTGA	1040	2.211713	6.409197	4
GTTGG	735	2.2106252	5.1796193	3
TCAGC	715	2.2023785	6.630801	1
GGAAG	580	2.1237628	6.305915	7
TTGGC	730	2.1152763	6.2376986	7
TTGGT	1035	2.07059	5.1679125	9
GCACC	460	2.0522687	5.762458	9
TGGCA	640	2.0462062	5.506042	8
AATGG	840	2.0458949	5.243052	9
GACAA	780	2.0194838	5.573472	8
CTGGA	595	1.9023322	5.5060415	5
ACCGG	410	1.8986449	5.9812403	9
GCCTT	680	1.8983214	6.0095363	8
TCAAC	835	1.8876592	6.813108	4
GACCA	540	1.8352904	5.853035	5
CCAGC	405	1.8068887	5.378294	15-19
GCGGC	280	1.766716	5.433114	2
AGCCA	505	1.7163365	5.853035	9
CAGTG	535	1.7105005	6.8825526	2
AGCGG	355	1.706364	6.208329	1
TGGCC	400	1.6787837	7.227779	8
GTCAA	705	1.6542826	5.051271	2
GCTTG	570	1.6516541	6.237698	7
CGACA	485	1.6483628	5.853035	7
TGGGT	530	1.5940562	5.1796193	8
CTGGG	360	1.5682695	5.6266456	3
CCAGA	455	1.5464021	5.853035	7
GGTAG	460	1.5265489	5.14358	20-24
GATGA	610	1.4857097	5.2430525	7
GCCAG	320	1.4818692	5.9812403	6
GGCTT	510	1.4777958	6.237698	4
CAACC	450	1.4734659	5.6389427	5
ACCCA	450	1.4734659	5.6389427	6
GAGCA	410	1.4463667	6.0752573	7
AAGTC	600	1.4079001	6.0615253	4
AGTGA	570	1.3882861	5.2430525	3
CCCAA	420	1.3752348	7.0486784	1
GCATC	445	1.3707111	5.3046412	7
CAAAT	785	1.3518902	5.9316	8
ATGGC	415	1.3268368	5.506042	7
GTCCA	415	1.2783036	6.6308017	9
GGATG	385	1.277655	7.143861	1
CCGGC	205	1.2461753	5.2343817	6
GGCCT	285	1.1961333	5.4208336	5
CCACA	365	1.1951447	5.6389427	9
AAATG	665	1.1887127	5.3872037	9
GGACC	255	1.1808645	5.9812403	1
GCTGC	260	1.0912093	5.4208336	4
TCCTC	390	1.048919	5.7897186	4
GACGG	210	1.0093985	8.277772	2
AAGCT	400	0.93859994	6.061525	9
GGCGT	215	0.93660545	5.626646	4
CGGCG	145	0.91490656	5.4331145	3
AGAGC	255	0.8995694	6.075257	9
CCGAA	250	0.8496716	5.853036	9
CGGAC	155	0.7177804	5.9812403	5
GCAGG	140	0.6729323	6.208329	1
CCCAC	150	0.6447394	5.551678	7
ACGGG	125	0.6008324	6.208329	3
CGGGC	90	0.567873	8.149672	4
CCCCT	105	0.40903184	5.0315194	8
>>END_MODULE
