##FastQC	0.10.1
>>Basic Statistics	pass
#Measure	Value	
Filename	Trimmed_Partial_SRR2467142.fastq	
File type	Conventional base calls	
Encoding	Sanger / Illumina 1.9	
Total Sequences	4871	
Filtered Sequences	0	
Sequence length	60-91	
%GC	41	
>>END_MODULE
>>Per base sequence quality	pass
#Base	Mean	Median	Lower Quartile	Upper Quartile	10th Percentile	90th Percentile
1	37.92198727160747	39.0	38.0	39.0	35.0	39.0
2	37.87333196468897	39.0	38.0	39.0	35.0	39.0
3	37.09854239375898	39.0	37.0	39.0	33.0	39.0
4	39.31122972695545	41.0	39.0	41.0	36.0	41.0
5	39.33093820570725	41.0	39.0	41.0	36.0	41.0
6	39.35290494764935	41.0	39.0	41.0	36.0	41.0
7	39.172449189078215	41.0	39.0	41.0	36.0	41.0
8	39.07452268528023	40.0	38.0	41.0	36.0	41.0
9	39.45124204475467	41.0	39.0	41.0	37.0	41.0
10-14	39.42980907411209	41.0	39.0	41.0	36.4	41.0
15-19	39.0227058098953	40.4	38.6	41.0	35.2	41.0
20-24	39.100143707657566	40.0	38.6	41.0	35.6	41.0
25-29	38.96760418805174	40.0	38.2	41.0	35.0	41.0
30-34	38.631903099979475	40.0	38.0	41.0	34.4	41.0
35-39	38.92243892424553	40.0	38.2	41.0	35.0	41.0
40-44	38.74391295421884	40.0	38.0	41.0	34.8	41.0
45-49	38.20307944980497	40.0	37.0	41.0	33.8	41.0
50-54	37.86146581810716	39.2	36.4	41.0	33.6	41.0
55-59	36.745226852802304	37.8	35.2	39.8	31.4	41.0
60-64	36.0445489912995	36.6	35.0	39.0	31.4	40.6
65-69	33.80937948866468	34.4	32.6	36.2	29.2	38.4
70-74	34.235006717586344	35.0	33.8	36.0	30.2	37.2
75-79	33.60714483800793	35.0	33.6	35.0	29.6	36.2
80-84	33.54434481790841	35.0	33.6	35.0	29.8	36.0
85-89	33.58310161098525	35.0	33.8	35.0	30.2	35.2
90-91	32.050385334463385	33.5	31.0	34.5	27.0	35.0
>>END_MODULE
>>Per sequence quality scores	pass
#Quality	Count
25	2.0
26	8.0
27	20.0
28	33.0
29	47.0
30	72.0
31	109.0
32	128.0
33	175.0
34	213.0
35	340.0
36	509.0
37	1040.0
38	1614.0
39	553.0
40	8.0
>>END_MODULE
>>Per base sequence content	warn
#Base	G	A	T	C
1	22.213097926503796	29.911722438924244	26.462738657359886	21.41244097721207
2	21.0839663313488	24.142886470950522	31.369328679942516	23.40381851775816
3	20.4064873742558	26.421679326626972	32.31369328679943	20.8581400123178
4	20.09854239375898	28.597823855471155	32.436871278998154	18.86676247177171
5	19.297885444467255	27.85875590227879	32.190515294600694	20.652843358653254
6	20.44754670498871	26.975980291521246	30.856087045781155	21.720385957708892
7	21.26873331964689	28.864709505235066	29.89119277355779	19.975364401560256
8	19.646889755696982	28.351467871073698	30.63026072675015	21.37138164647916
9	19.81112707862862	29.35742147402997	29.89119277355779	20.940258673783617
10-14	20.37037037037037	28.43886014617722	30.914839451424818	20.275930032027592
15-19	20.59125436255389	27.916238965304867	31.369328679942516	20.123177992198727
20-24	20.164237322931637	28.0804762882365	31.184561691644426	20.570724697187437
25-29	20.37037037037037	27.942021844460868	30.62330623306233	21.06430155210643
30-34	20.812974748511596	28.228289878874975	30.453705604598646	20.505029768014783
35-39	20.141255697450006	28.292202192748327	30.55475711411325	21.011784995688416
40-44	19.938411003900637	28.043522890576885	31.237938821597204	20.780127283925275
45-49	20.127283925272017	27.981933894477518	30.778074317388626	21.112707862861836
50-54	20.521453500307945	27.797166906179427	30.70827345514268	20.973106138369946
55-59	20.385957708889347	28.322726339560667	31.14350236091152	20.14781359063847
60-64	20.673334156480223	28.139276453883195	30.209490883648186	20.977898505988392
65-69	20.674826331458814	27.646377770426728	30.611147866357925	21.067648031756534
70-74	20.472801431722644	28.57618512506763	30.37416240063262	20.5768510425771
75-79	20.279308459176377	28.435620241450383	30.400033651621587	20.885037647751652
80-84	20.598359610726277	27.937614211040756	30.347201563894437	21.116824614338533
85-89	20.639233954451345	27.924430641821946	30.20617667356798	21.23015873015873
90-91	22.30562401971768	28.74747927403092	29.554111584136233	19.392785122115168
>>END_MODULE
>>Per base GC content	pass
#Base	%GC
1	43.62553890371587
2	44.48778484910696
3	41.2646273865736
4	38.96530486553069
5	39.95072880312051
6	42.1679326626976
7	41.24409772120715
8	41.01827140217614
9	40.75138575241223
10-14	40.64630040239796
15-19	40.71443235475262
20-24	40.73496202011907
25-29	41.4346719224768
30-34	41.31800451652638
35-39	41.15304069313842
40-44	40.71853828782591
45-49	41.23999178813385
50-54	41.49455963867789
55-59	40.533771299527814
60-64	41.651232662468615
65-69	41.74247436321535
70-74	41.04965247429975
75-79	41.16434610692803
80-84	41.71518422506481
85-89	41.86939268461008
90-91	41.69840914183285
>>END_MODULE
>>Per sequence GC content	pass
#GC Content	Count
0	0.0
1	0.0
2	0.0
3	0.0
4	0.0
5	0.0
6	0.0
7	0.0
8	0.0
9	0.0
10	0.0
11	0.0
12	0.0
13	0.0
14	0.5
15	1.0
16	1.0
17	1.0
18	1.0
19	1.5
20	2.5
21	3.5
22	4.0
23	7.5
24	9.0
25	9.5
26	19.0
27	31.5
28	43.0
29	52.0
30	74.5
31	95.0
32	118.5
33	141.0
34	148.0
35	167.5
36	213.0
37	258.5
38	290.0
39	310.0
40	322.0
41	345.5
42	360.0
43	350.0
44	337.0
45	324.0
46	301.5
47	275.0
48	227.5
49	164.5
50	114.5
51	88.0
52	70.0
53	45.5
54	28.5
55	21.0
56	15.0
57	11.5
58	9.0
59	6.0
60	2.5
61	2.0
62	1.5
63	0.5
64	0.0
65	0.0
66	0.0
67	0.0
68	0.0
69	0.0
70	0.0
71	0.0
72	0.0
73	0.0
74	0.0
75	0.0
76	0.0
77	0.0
78	0.0
79	0.0
80	0.0
81	0.0
82	0.0
83	0.0
84	0.0
85	0.0
86	0.0
87	0.0
88	0.0
89	0.0
90	0.0
91	0.0
92	0.0
93	0.0
94	0.0
95	0.0
96	0.0
97	0.0
98	0.0
99	0.0
100	0.0
>>END_MODULE
>>Per base N content	pass
#Base	N-Count
1	0.0
2	0.0
3	0.0
4	0.0
5	0.0
6	0.0
7	0.0
8	0.0
9	0.0
10-14	0.0041059330732909054
15-19	0.0
20-24	0.0
25-29	0.0041059330732909054
30-34	0.0
35-39	0.008211866146581811
40-44	0.0
45-49	0.0
50-54	0.0
55-59	0.0
60-64	0.0
65-69	0.0
70-74	0.0
75-79	0.0
80-84	0.0
85-89	0.0
90-91	0.0
>>END_MODULE
>>Sequence Length Distribution	warn
#Length	Count
60	3.0
61	10.0
62	7.0
63	2.0
64	5.0
65	4.0
66	2.0
67	4.0
68	6.0
69	7.0
70	5.0
71	6.0
72	10.0
73	20.0
74	13.0
75	4.0
76	6.0
77	8.0
78	12.0
79	7.0
80	13.0
81	15.0
82	6.0
83	10.0
84	9.0
85	13.0
86	20.0
87	28.0
88	33.0
89	32.0
90	176.0
91	4375.0
>>END_MODULE
>>Sequence Duplication Levels	pass
#Total Duplicate Percentage	4.906590022582632
#Duplication Level	Relative count
1	100.0
2	2.029360967184801
3	0.36701208981001726
4	0.0
5	0.0
6	0.0
7	0.0
8	0.0
9	0.0
10++	0.0
>>END_MODULE
>>Overrepresented sequences	pass
>>END_MODULE
>>Kmer Content	warn
#Sequence	Count	Obs/Exp Overall	Obs/Exp Max	Max Obs/Exp Position
GCAGC	720	3.3666077	8.062519	2
CTTGG	1085	3.2079058	5.0980325	1
CACCA	955	3.181028	8.615214	1
TTCTT	2305	3.0697198	5.7408805	3
CCTTG	1015	2.9618895	7.5475287	2
TCTTC	1490	2.9181464	5.0655055	5
TCTTG	1465	2.9070163	5.132297	9
CTTCT	1430	2.800637	6.7540073	2
CAGCA	820	2.7673686	7.274009	3
CAAAG	1105	2.727078	5.319318	5
AGCAG	790	2.7012777	7.3699217	4
TTGGA	1195	2.583699	5.5921135	3
TGGAG	790	2.5449727	5.5547786	1
CCAAA	1015	2.472363	5.250092	1
CTTGA	1155	2.4647162	8.279006	9
TGGAA	1055	2.4530232	7.016135	9
ACCAA	985	2.3992884	6.3001103	1
TCACC	770	2.384952	6.6758976	6
GTTGG	790	2.366508	6.4565663	3
CAGCC	510	2.3536465	5.9681954	6
TGGTG	785	2.35153	6.4565663	3
TGGCA	730	2.3210788	5.4824886	2
AATGG	985	2.2902632	5.011525	2
CACCG	490	2.2613463	5.9681945	2
CCTTC	765	2.203308	6.207754	1
GCCAA	650	2.1936457	5.8192077	6
TTTGG	1085	2.1813664	6.066632	9
TCTGG	730	2.1583145	5.0980325	3
GCACC	455	2.0998218	9.946992	3
CCAAG	615	2.0755262	5.819207	2
ACCTT	975	2.0535278	5.4475083	1
GCTTC	700	2.0426826	5.031687	7
ACCGG	435	2.033992	6.0468884	6
GCCTT	690	2.0135014	5.0316863	1
CCAGC	435	2.0075216	7.957593	1
AGCAA	805	1.9866947	6.383182	1
TCCTT	1010	1.9780724	6.7540073	8
ACCCA	575	1.9152786	5.743476	6
TTGGC	645	1.9070039	5.0980325	4
TGGTT	915	1.8395855	5.1999707	4
GGCAG	385	1.8239368	6.1266217	7
GTCAA	780	1.7900071	5.9355655	6
GGCAA	520	1.7780563	5.8959374	1
CCCAA	530	1.7653872	5.7434754	7
ACACC	500	1.6654595	5.7434754	5
AAACC	680	1.6563616	5.2500925	2
GAAAC	670	1.6535224	5.3193183	6
CAGCT	525	1.6475451	5.4111395	2
TTGAC	750	1.6004653	5.5193377	7
GCTTG	540	1.5965616	5.098033	8
ACCAT	680	1.54021	5.858319	2
TGGTA	705	1.5242742	5.5921135	9
TTGGG	500	1.4977899	5.165253	2
TGGGT	470	1.4079225	5.165253	5
CGGCA	285	1.3326156	6.0468893	8
GGCAC	280	1.3092364	8.062519	2
CGTTG	440	1.300902	5.098033	2
CCGGC	200	1.2788155	8.268941	7
TGGGA	395	1.2724863	5.5547786	6
GAAAA	705	1.2723497	6.223835	6
TGGCC	290	1.2609066	5.622855	4
CTGGT	425	1.2565529	5.0980325	5
GTCCA	395	1.2395815	5.411139	3
GGCCT	265	1.1522077	5.622855	5
CGGCC	180	1.150934	8.268941	4
AGGCA	325	1.1112852	5.8959374	1
ATGGG	335	1.0791973	5.5547786	5
GCCTC	250	1.0728422	7.399571	6
CAGTC	340	1.0669816	5.411139	5
GACGG	215	1.0185622	6.1266217	2
TTTGC	500	0.99215573	5.132297	5
GCAAG	285	0.9745116	5.8959374	2
CGGCG	150	0.9717582	5.5853148	3
GTCCT	330	0.96297896	7.5475297	7
AGAGT	400	0.9300561	5.0115247	7
GAGTC	290	0.9220723	6.8531103	8
ACGGC	175	0.8182727	6.0468893	3
TGGGC	185	0.8149775	5.6969953	6
CTGCT	275	0.80248237	5.031686	1
CGTAG	250	0.79489005	5.4824886	2
GGTCC	160	0.6956726	5.622855	2
AGACG	190	0.6496744	5.8959374	9
CGTGT	200	0.5913191	5.098033	8
AGGTC	185	0.58821857	5.482488	7
>>END_MODULE
