##FastQC	0.10.1
>>Basic Statistics	pass
#Measure	Value	
Filename	Trimmed_Partial_SRR2467150.fastq	
File type	Conventional base calls	
Encoding	Sanger / Illumina 1.9	
Total Sequences	4858	
Filtered Sequences	0	
Sequence length	60-91	
%GC	40	
>>END_MODULE
>>Per base sequence quality	pass
#Base	Mean	Median	Lower Quartile	Upper Quartile	10th Percentile	90th Percentile
1	37.99876492383697	39.0	38.0	39.0	35.0	39.0
2	37.957389872375465	39.0	38.0	39.0	35.0	39.0
3	37.35240839851791	39.0	37.0	39.0	33.0	39.0
4	39.41580897488679	41.0	39.0	41.0	36.0	41.0
5	39.45409633594072	41.0	39.0	41.0	36.0	41.0
6	39.50617538081515	41.0	39.0	41.0	37.0	41.0
7	39.35096747632771	41.0	39.0	41.0	36.0	41.0
8	39.120831617949776	41.0	38.0	41.0	36.0	41.0
9	39.437216961712636	41.0	39.0	41.0	36.0	41.0
10-14	39.50522848909016	41.0	39.0	41.0	36.8	41.0
15-19	39.13766982297242	40.4	38.6	41.0	35.6	41.0
20-24	39.188637299300126	40.6	38.8	41.0	35.8	41.0
25-29	39.08760806916426	40.0	38.4	41.0	35.2	41.0
30-34	38.781885549608894	40.0	38.0	41.0	34.6	41.0
35-39	38.97291066282421	40.0	38.2	41.0	35.2	41.0
40-44	38.86344174557431	40.0	38.0	41.0	35.0	41.0
45-49	38.28085631947304	40.0	37.2	41.0	33.8	41.0
50-54	37.99814738575545	39.2	36.6	41.0	33.6	41.0
55-59	36.907904487443396	38.2	35.2	40.0	31.6	41.0
60-64	36.17378082199731	36.6	35.0	39.0	31.6	40.6
65-69	33.99342498093732	34.4	32.8	36.6	29.4	38.6
70-74	34.33711553757841	35.0	34.0	36.2	30.4	37.6
75-79	33.74612219419257	35.0	33.8	35.0	29.8	36.4
80-84	33.58769148997336	35.0	34.0	35.0	29.8	36.0
85-89	33.656669030363396	35.0	33.8	35.0	30.6	35.2
90-91	32.20324282563489	33.5	31.5	34.5	27.5	35.0
>>END_MODULE
>>Per sequence quality scores	pass
#Quality	Count
26	1.0
27	13.0
28	34.0
29	65.0
30	67.0
31	84.0
32	142.0
33	157.0
34	192.0
35	280.0
36	495.0
37	1026.0
38	1710.0
39	584.0
40	8.0
>>END_MODULE
>>Per base sequence content	warn
#Base	G	A	T	C
1	23.219431864965006	30.856319473034173	24.35158501440922	21.572663647591604
2	20.33758748456155	25.216138328530256	30.91807328118567	23.528200905722517
3	19.473034170440513	28.324413338822563	33.14121037463977	19.061342116097162
4	19.473034170440513	27.892136681762043	33.161794977356934	19.473034170440513
5	19.802387813915193	27.562783038287357	31.61794977356937	21.01687937422808
6	22.478386167146976	27.6657060518732	30.34170440510498	19.514203375874846
7	20.56401811445039	28.24207492795389	31.84438040345821	19.349526554137505
8	20.193495265541376	27.892136681762043	30.897488678468505	21.01687937422808
9	21.119802387813916	29.374228077398108	29.49773569370111	20.008233841086867
10-14	20.059288537549406	28.619071146245062	31.22941370223979	20.092226613965742
15-19	20.098806093042406	28.233841086867024	31.60148209139564	20.065870728694936
20-24	20.10703993412927	27.624536846438865	31.20214079868259	21.06628242074928
25-29	20.35573122529644	27.79561923583663	30.945322793148883	20.90332674571805
30-34	20.43227665706052	28.155619596541786	30.7863318237958	20.625771922601892
35-39	20.58472308009059	28.12847436689314	30.957381099444103	20.329421453572163
40-44	20.242898312062575	28.583779333058875	30.42404281597365	20.7492795389049
45-49	20.70399341292713	28.089748867846854	30.843968711403868	20.36228900782215
50-54	20.568135034993826	28.015644298065045	30.856319473034173	20.559901193906956
55-59	19.559489501852614	27.96212433100041	31.214491560312887	21.26389460683409
60-64	20.230927835051546	27.94226804123711	30.890721649484536	20.936082474226804
65-69	20.686367969494757	28.229784059352593	30.509387822771167	20.574460148381483
70-74	19.962460896767467	28.417101147028156	30.64025026068822	20.98018769551616
75-79	20.84945332211943	28.023549201009253	30.55929352396972	20.5677039529016
80-84	20.16204292865021	28.658691779078644	30.877237634682274	20.30202765758887
85-89	20.413793103448278	28.215517241379313	30.82758620689655	20.54310344827586
90-91	20.765518015489953	28.03906162307779	30.935009540913683	20.260410820518576
>>END_MODULE
>>Per base GC content	pass
#Base	%GC
1	44.79209551255661
2	43.86578839028407
3	38.53437628653767
4	38.94606834088103
5	40.81926718814327
6	41.99258954302182
7	39.913544668587896
8	41.210374639769455
9	41.12803622890078
10-14	40.15151515151515
15-19	40.16467682173734
20-24	41.17332235487855
25-29	41.25905797101449
30-34	41.05804857966241
35-39	40.91414453366276
40-44	40.99217785096748
45-49	41.066282420749275
50-54	41.12803622890078
55-59	40.8233841086867
60-64	41.16701030927835
65-69	41.26082811787624
70-74	40.94264859228363
75-79	41.417157275021026
80-84	40.464070586239075
85-89	40.956896551724135
90-91	41.02592883600853
>>END_MODULE
>>Per sequence GC content	pass
#GC Content	Count
0	0.0
1	0.0
2	0.0
3	0.0
4	0.0
5	0.0
6	0.0
7	0.0
8	0.0
9	0.0
10	0.0
11	0.0
12	0.0
13	0.0
14	0.0
15	0.0
16	0.5
17	1.5
18	1.0
19	0.5
20	1.5
21	4.5
22	7.0
23	12.5
24	18.0
25	18.0
26	17.0
27	21.0
28	36.0
29	54.0
30	76.0
31	96.5
32	115.0
33	129.0
34	149.0
35	172.5
36	218.0
37	265.5
38	290.0
39	318.5
40	345.5
41	369.5
42	374.0
43	361.0
44	343.0
45	321.0
46	287.0
47	251.0
48	208.5
49	153.5
50	116.5
51	82.5
52	59.5
53	48.0
54	25.5
55	12.0
56	6.5
57	4.5
58	3.0
59	1.5
60	0.5
61	0.0
62	0.5
63	0.5
64	0.0
65	0.0
66	0.0
67	0.0
68	0.0
69	0.0
70	0.0
71	0.0
72	0.0
73	0.0
74	0.0
75	0.0
76	0.0
77	0.0
78	0.0
79	0.0
80	0.0
81	0.0
82	0.0
83	0.0
84	0.0
85	0.0
86	0.0
87	0.0
88	0.0
89	0.0
90	0.0
91	0.0
92	0.0
93	0.0
94	0.0
95	0.0
96	0.0
97	0.0
98	0.0
99	0.0
100	0.0
>>END_MODULE
>>Per base N content	pass
#Base	N-Count
1	0.0
2	0.0
3	0.0
4	0.0
5	0.0
6	0.0
7	0.0
8	0.0
9	0.0
10-14	0.008233841086867023
15-19	0.0
20-24	0.0
25-29	0.008233841086867023
30-34	0.0
35-39	0.02058460271716756
40-44	0.0
45-49	0.0
50-54	0.0
55-59	0.0
60-64	0.0
65-69	0.0
70-74	0.0
75-79	0.0
80-84	0.0
85-89	0.0
90-91	0.0
>>END_MODULE
>>Sequence Length Distribution	warn
#Length	Count
60	3.0
61	6.0
62	3.0
63	4.0
64	5.0
65	9.0
66	2.0
67	6.0
68	4.0
69	7.0
70	1.0
71	13.0
72	6.0
73	15.0
74	4.0
75	8.0
76	5.0
77	8.0
78	7.0
79	8.0
80	9.0
81	11.0
82	10.0
83	7.0
84	14.0
85	11.0
86	21.0
87	30.0
88	48.0
89	39.0
90	159.0
91	4375.0
>>END_MODULE
>>Sequence Duplication Levels	pass
#Total Duplicate Percentage	4.569781803211198
#Duplication Level	Relative count
1	100.0
2	2.006039689387403
3	0.25884383088869717
4	0.0
5	0.0
6	0.0
7	0.0
8	0.0
9	0.0
10++	0.0
>>END_MODULE
>>Overrepresented sequences	pass
>>END_MODULE
>>Kmer Content	warn
#Sequence	Count	Obs/Exp Overall	Obs/Exp Max	Max Obs/Exp Position
CACCA	1065	3.6670442	7.4199743	1
CTTGG	1050	3.0745056	5.093021	60-64
GCAGC	615	3.0028806	8.41761	4
CAGCA	840	2.9576535	6.0700727	2
AGCAG	820	2.9524553	6.207194	3
ACCAG	815	2.8696282	6.0700727	6
TCTTC	1540	2.8675995	5.6177406	4
CCACC	610	2.8483267	6.03736	2
TGGAG	835	2.772463	5.7240725	8
CCTTG	925	2.6486604	7.4046006	2
ACCAC	745	2.5652092	5.9359794	1
CACCG	520	2.482932	6.1737437	6
TTGGA	1140	2.4614863	6.5141306	7
CTTCT	1320	2.4579425	5.6177406	2
TGGAA	1015	2.4302466	5.159649	7
CTTCA	1165	2.4055557	5.3395743	9
CAAAG	900	2.3367758	6.7141595	5
GCACC	485	2.3158112	6.173743	9
CCAAC	650	2.238102	5.874925	85-87
CTGGA	670	2.1754673	5.5976224	5
CCAAA	830	2.1074204	6.5658383	5
GTTGG	690	2.06603	7.7429185	6
TCTGG	705	2.0643108	5.047913	4
TGGCA	630	2.045589	6.9970284	6
CAATG	860	2.0136373	5.0456676	1
TGGTG	660	1.9762026	5.1619453	3
GCCTT	670	1.918489	6.1705003	1
GGCAA	530	1.9082946	10.862591	7
TTGGC	650	1.9032654	6.309891	3
CCTGG	430	1.8933882	7.590966	4
CAGCC	365	1.7428273	6.1737437	9
GCTTG	590	1.7275794	5.047913	1
ACCTG	540	1.7146286	6.8424582	3
TTCCA	825	1.7035052	7.119432	9
ACCGG	345	1.6845429	6.3132076	1
GGCAG	335	1.6726663	6.4558225	3
GGTAG	495	1.6435559	7.1550903	2
AAAGC	625	1.622761	5.5951324	1
GAAAG	610	1.619593	5.7215266	3
GTGGA	475	1.5771496	5.7240725	6
CAAAA	840	1.5727471	5.6486344	6
TTGGG	525	1.5719794	5.1619453	3
TGGTC	535	1.5665339	6.3098917	8
CCAGT	485	1.5399904	6.8424582	7
GGCCA	315	1.5380609	6.3132076	9
GGTCT	515	1.5079721	6.309892	6
CGGCA	300	1.4648198	6.313207	6
AGCAT	610	1.4282777	5.0456676	1
TACCG	445	1.4129809	5.4739666	3
CAACG	395	1.3908013	6.070072	6
TGGGA	415	1.3779308	5.7240725	3
CCATC	440	1.3662415	5.353041	1
GTCCA	430	1.3653523	5.473966	1
TGGGT	455	1.3623822	5.1619453	3
GCGGC	195	1.3203604	5.836517	3
CATCG	415	1.3177238	5.4739666	2
GGTGT	435	1.3024971	5.1619453	3
GAATG	515	1.2330807	6.191579	9
TGCAA	520	1.2175481	5.0456676	8
AGCGT	365	1.1851425	6.9970274	7
GGCGT	245	1.1031609	5.8218346	6
GGGGC	155	1.073226	5.9683642	1
CCGGC	160	1.05944	11.415166	5
CATGG	310	1.0065596	5.597623	4
GGGTC	220	0.9905933	7.7624454	4
ATGGG	295	0.97949284	5.724072	2
GGGAG	190	0.9701069	6.6016593	4
GGCGG	140	0.9693653	5.9683633	5
GTGAG	250	0.8300788	5.7240725	9
CGTAG	245	0.79550666	5.5976224	9
CCGGA	150	0.7324099	6.313207	2
GCGTA	225	0.73056734	6.9970274	8
GCCCC	100	0.64752257	5.5814977	4
GGGTG	125	0.57555157	5.9533496	2
CCGCC	75	0.48564193	5.5814977	4
CGCCC	65	0.42088965	5.5814977	2
AGGGG	65	0.33187866	6.601659	6
>>END_MODULE
