##FastQC	0.10.1
>>Basic Statistics	pass
#Measure	Value	
Filename	Trimmed_Partial_SRR2467141.fastq	
File type	Conventional base calls	
Encoding	Sanger / Illumina 1.9	
Total Sequences	4856	
Filtered Sequences	0	
Sequence length	60-91	
%GC	41	
>>END_MODULE
>>Per base sequence quality	pass
#Base	Mean	Median	Lower Quartile	Upper Quartile	10th Percentile	90th Percentile
1	38.00205930807249	39.0	38.0	39.0	35.0	39.0
2	37.96128500823723	39.0	38.0	39.0	35.0	39.0
3	37.282125205930804	39.0	37.0	39.0	33.0	39.0
4	39.4341021416804	41.0	39.0	41.0	37.0	41.0
5	39.48084843492587	41.0	39.0	41.0	37.0	41.0
6	39.49361614497529	41.0	39.0	41.0	37.0	41.0
7	39.35234761120264	41.0	39.0	41.0	36.0	41.0
8	39.13941515650741	41.0	39.0	41.0	36.0	41.0
9	39.477141680395384	41.0	39.0	41.0	37.0	41.0
10-14	39.52689456342669	41.0	39.0	41.0	36.8	41.0
15-19	39.158649093904444	40.4	38.6	41.0	35.8	41.0
20-24	39.20490115321252	40.2	38.8	41.0	36.0	41.0
25-29	39.109431630972	40.0	39.0	41.0	35.8	41.0
30-34	38.799299835255354	40.0	38.0	41.0	34.6	41.0
35-39	38.981878088962105	40.0	38.4	41.0	35.2	41.0
40-44	38.7990939044481	40.0	38.0	41.0	34.8	41.0
45-49	38.27232289950577	40.0	37.0	41.0	33.8	41.0
50-54	37.94752883031301	39.2	36.6	41.0	33.6	41.0
55-59	36.874135090609556	38.0	35.4	39.8	31.8	41.0
60-64	36.142103331827755	36.6	35.0	39.0	31.6	40.6
65-69	34.01312913229847	34.4	32.8	36.4	29.4	38.6
70-74	34.34369893798818	35.0	34.0	36.0	30.4	37.6
75-79	33.81190121244792	35.0	33.8	35.0	30.0	36.2
80-84	33.66545899039056	35.0	34.0	35.0	30.4	36.0
85-89	33.7387973435482	35.0	34.0	35.0	31.0	35.2
90-91	32.25973503474829	33.5	31.5	34.5	27.5	35.0
>>END_MODULE
>>Per sequence quality scores	pass
#Quality	Count
26	7.0
27	7.0
28	22.0
29	42.0
30	71.0
31	101.0
32	116.0
33	158.0
34	219.0
35	301.0
36	534.0
37	1041.0
38	1662.0
39	566.0
40	9.0
>>END_MODULE
>>Per base sequence content	warn
#Base	G	A	T	C
1	23.702635914332784	29.3657331136738	25.86490939044481	21.0667215815486
2	20.881383855024712	25.576606260296543	29.242174629324545	24.299835255354203
3	19.130971993410213	28.542009884678748	32.12520593080725	20.201812191103787
4	19.110378912685338	28.29489291598023	32.72240527182866	19.872322899505765
5	19.645799011532127	27.368204283360793	31.486820428336078	21.499176276771003
6	21.149093904448105	28.191927512355846	29.983525535420096	20.675453047775946
7	21.210873146622735	28.76853377265239	30.992586490939043	19.028006589785832
8	20.61367380560132	26.462108731466227	31.42504118616145	21.499176276771003
9	20.901976935749587	28.13014827018122	30.31301482701812	20.65485996705107
10-14	19.59387099431584	28.56907488260977	30.789191860944065	21.047862262130323
15-19	20.210049423393738	28.014827018121913	30.963756177924218	20.81136738056013
20-24	20.090609555189456	27.98187808896211	31.26853377265239	20.658978583196046
25-29	20.2001894797545	28.253079046010626	30.909914734110476	20.6368167401244
30-34	20.91021416803954	27.903624382207575	30.741350906095548	20.444810543657333
35-39	20.233142480537133	29.048070189891668	30.003707212588047	20.715080116983152
40-44	20.49835255354201	27.953047775947283	30.881383855024712	20.667215815486
45-49	20.556013179571664	28.525535420098848	30.296540362438222	20.62191103789127
50-54	20.247116968698517	28.2495881383855	30.481878088962112	21.021416803953873
55-59	19.678747940691927	28.859143327841846	30.609555189456344	20.852553542009886
60-64	20.278075748824158	28.71524053139698	30.353164452512583	20.653519267266276
65-69	20.58774627982376	28.057195111813115	30.422312744201513	20.93274586416161
70-74	20.138133110087903	28.756802009208876	30.259522812892424	20.8455420678108
75-79	20.475969057784166	28.473601893731242	30.451874709388342	20.59855433909625
80-84	20.53811659192825	28.644031603672857	29.762972453555413	21.054879350843475
85-89	20.409494001043296	28.408102938619372	30.533820205181705	20.648582855155624
90-91	21.14776321735201	29.123361952101217	29.32670582919114	20.402169001355624
>>END_MODULE
>>Per base GC content	pass
#Base	%GC
1	44.76935749588139
2	45.18121911037891
3	39.332784184514004
4	38.98270181219111
5	41.14497528830313
6	41.824546952224054
7	40.23887973640857
8	42.11285008237232
9	41.55683690280066
10-14	40.641733256446166
15-19	41.02141680395387
20-24	40.7495881383855
25-29	40.837006219878894
30-34	41.35502471169687
35-39	40.948222597520285
40-44	41.16556836902801
45-49	41.17792421746293
50-54	41.26853377265239
55-59	40.531301482701814
60-64	40.93159501609044
65-69	41.52049214398537
70-74	40.983675177898704
75-79	41.074523396880416
80-84	41.59299594277173
85-89	41.05807685619892
90-91	41.54993221870764
>>END_MODULE
>>Per sequence GC content	warn
#GC Content	Count
0	0.0
1	0.0
2	0.0
3	0.0
4	0.0
5	0.0
6	0.0
7	0.0
8	0.0
9	0.0
10	0.0
11	0.0
12	0.0
13	0.5
14	1.0
15	0.5
16	1.5
17	4.0
18	4.0
19	4.5
20	3.5
21	6.0
22	11.0
23	9.0
24	10.0
25	17.0
26	21.5
27	27.0
28	37.5
29	54.0
30	67.0
31	80.5
32	121.5
33	153.5
34	171.0
35	188.5
36	210.0
37	244.5
38	278.0
39	311.5
40	341.5
41	341.0
42	340.5
43	353.5
44	352.0
45	330.5
46	297.5
47	259.0
48	215.5
49	161.5
50	112.0
51	91.5
52	69.5
53	51.5
54	34.5
55	17.0
56	11.5
57	9.0
58	7.0
59	4.5
60	2.5
61	2.0
62	2.0
63	1.5
64	0.0
65	0.0
66	0.0
67	0.0
68	0.0
69	0.0
70	0.0
71	0.0
72	0.0
73	0.0
74	0.0
75	0.0
76	0.0
77	0.0
78	0.0
79	0.0
80	0.0
81	0.0
82	0.0
83	0.0
84	0.0
85	0.0
86	0.0
87	0.0
88	0.0
89	0.0
90	0.0
91	0.0
92	0.0
93	0.0
94	0.0
95	0.0
96	0.0
97	0.0
98	0.0
99	0.0
100	0.0
>>END_MODULE
>>Per base N content	pass
#Base	N-Count
1	0.0
2	0.0
3	0.0
4	0.0
5	0.0
6	0.0
7	0.0
8	0.0
9	0.0
10-14	0.008237232289950576
15-19	0.0
20-24	0.0
25-29	0.012355848434925865
30-34	0.0
35-39	0.012355848434925865
40-44	0.0
45-49	0.0
50-54	0.0
55-59	0.0
60-64	0.0
65-69	0.0
70-74	0.0
75-79	0.0
80-84	0.0
85-89	0.0
90-91	0.0
>>END_MODULE
>>Sequence Length Distribution	warn
#Length	Count
60	2.0
61	6.0
62	7.0
63	2.0
64	15.0
65	8.0
66	3.0
67	7.0
68	7.0
69	6.0
70	1.0
71	10.0
72	17.0
73	7.0
74	15.0
75	2.0
76	6.0
77	10.0
78	12.0
79	6.0
80	13.0
81	9.0
82	13.0
83	15.0
84	13.0
85	14.0
86	17.0
87	31.0
88	47.0
89	33.0
90	152.0
91	4350.0
>>END_MODULE
>>Sequence Duplication Levels	pass
#Total Duplicate Percentage	5.045304777594728
#Duplication Level	Relative count
1	100.0
2	2.2121014964216004
3	0.2385599653003687
4	0.04337453914552158
5	0.0
6	0.0
7	0.0
8	0.0
9	0.0
10++	0.0
>>END_MODULE
>>Overrepresented sequences	pass
>>END_MODULE
>>Kmer Content	warn
#Sequence	Count	Obs/Exp Overall	Obs/Exp Max	Max Obs/Exp Position
CTTGG	1135	3.3973095	5.465578	60-64
GCAGC	700	3.2189562	5.9470654	5
CACCA	925	3.045482	4.5464897	10-14
TCTTG	1475	3.0139847	7.046986	9
TCTTC	1405	2.8503983	5.2474093	5
CCTTG	925	2.7489142	6.4055123	3
AGCAG	820	2.7388468	5.7594137	5
TGGAG	770	2.4522066	6.864372	3
CCACC	495	2.2437925	5.862234	5
GCACC	490	2.2371407	5.904497	6
GCTTC	745	2.2139902	5.12441	1
TTGGT	1060	2.1815975	5.323343	7
CCAAA	910	2.1761682	5.154488	1
CCAAG	655	2.1720777	5.718189	6
GATGG	665	2.1178148	6.864372	9
TTGGG	685	2.0651402	5.198564	9
AACCA	860	2.0565984	8.24718	9
CTGGC	470	2.0460093	7.5064425	7
CAGCG	435	2.000351	5.551737	25-29
GTTGG	660	1.9897703	5.198564	1
ACCCA	600	1.9754477	7.096574	3
TCCTT	965	1.9577466	5.2474084	3
ACACC	575	1.8931373	5.677259	3
ACCGG	410	1.8853883	5.9470644	7
GCGGC	290	1.84926	5.4978695	1
GGTGG	415	1.8327253	7.6150665	7
GGAGC	390	1.806348	5.98994	1
CCAGC	395	1.8034096	5.904497	9
GCTGG	410	1.797684	11.340839	1
TGGTG	595	1.7938082	5.3224444	70-74
GCAAC	540	1.7907206	5.718189	5
CTTCC	600	1.7703168	5.0877314	1
CACCC	390	1.7678366	5.862234	2
CAGCC	385	1.7577535	7.872663	1
TGGGT	580	1.7485862	6.4982057	5
TCAAC	760	1.7205108	5.8554397	7
AGCCA	515	1.7078168	5.718189	2
CCCAA	510	1.6791308	5.6772594	4
GGAAC	500	1.6700282	7.199267	1
GGCTT	550	1.6462731	6.4516926	9
CTGGG	375	1.6442233	9.450699	2
ATTGG	755	1.6414323	5.623306	8
CTGGA	505	1.5967538	5.45219	3
CAAGA	645	1.553569	5.1916485	1
AGCGG	335	1.5516065	5.98994	6
CCTCT	515	1.5195216	5.0877304	5
CCTTT	725	1.4708459	5.2474084	4
GTGGA	460	1.4649546	5.491497	5
CAACC	440	1.4486617	7.096574	2
TGGCT	480	1.4367476	5.1613545	8
TGTGG	455	1.3717356	5.198564	4
GCAGA	410	1.3694232	5.7594132	1
TGGGC	310	1.3592246	7.5605593	3
CAAAC	525	1.2554817	5.154488	2
GGGTC	285	1.2496096	5.6704197	6
AACCC	370	1.2181926	5.677258	9
CAGTC	385	1.2086136	5.4131637	2
CCAGG	255	1.1726198	5.9470654	4
AACAC	490	1.1717827	5.154487	3
GTGGG	260	1.1482135	7.6150665	5
CCGGC	175	1.1079452	5.4585166	8
TAACC	485	1.0979576	5.8554397	8
CAGGA	280	0.93521583	5.7594132	5
ACCTC	285	0.88828397	5.374418	1
CGGCC	135	0.85470057	5.4585166	2
GGTCC	190	0.82711005	5.6298313	6
CCTGT	230	0.68351376	5.12441	1
GCGCC	100	0.63311154	5.4585166	1
CCGCT	135	0.58347696	5.5895343	8
TGCGG	105	0.46038252	5.6704197	2
>>END_MODULE
