##FastQC	0.10.1
>>Basic Statistics	pass
#Measure	Value	
Filename	Trimmed_Partial_SRR2467144.fastq	
File type	Conventional base calls	
Encoding	Sanger / Illumina 1.9	
Total Sequences	4835	
Filtered Sequences	0	
Sequence length	60-91	
%GC	41	
>>END_MODULE
>>Per base sequence quality	pass
#Base	Mean	Median	Lower Quartile	Upper Quartile	10th Percentile	90th Percentile
1	37.947880041365046	39.0	38.0	39.0	35.0	39.0
2	37.9511892450879	39.0	38.0	39.0	35.0	39.0
3	37.18676318510858	39.0	37.0	39.0	33.0	39.0
4	39.35346432264736	41.0	39.0	41.0	36.0	41.0
5	39.35532574974147	41.0	39.0	41.0	36.0	41.0
6	39.37435367114788	41.0	39.0	41.0	36.0	41.0
7	39.250672182006205	41.0	39.0	41.0	36.0	41.0
8	39.01406411582213	40.0	38.0	41.0	35.0	41.0
9	39.43185108583247	41.0	39.0	41.0	36.0	41.0
10-14	39.45336091003102	41.0	39.0	41.0	36.6	41.0
15-19	39.05257497414685	40.2	38.6	41.0	35.4	41.0
20-24	39.12852119958635	40.2	38.8	41.0	35.8	41.0
25-29	39.018945191313335	40.0	38.2	41.0	35.2	41.0
30-34	38.72562564632885	40.0	38.0	41.0	34.4	41.0
35-39	38.95962771458118	40.0	38.2	41.0	35.0	41.0
40-44	38.76694932781799	40.0	38.0	41.0	34.8	41.0
45-49	38.20397104446742	40.0	37.0	41.0	33.6	41.0
50-54	37.8929886246122	39.2	36.6	41.0	33.6	41.0
55-59	36.8228335056877	38.0	35.0	39.8	31.8	41.0
60-64	36.06566915042032	36.4	35.0	39.0	31.4	40.6
65-69	33.87606807852978	34.4	32.6	36.2	29.2	38.4
70-74	34.293180015815075	35.0	34.0	36.0	30.6	37.4
75-79	33.725413169720966	35.0	33.8	35.0	30.0	36.2
80-84	33.576789806166786	35.0	33.6	35.0	29.8	36.0
85-89	33.59741589606565	35.0	33.8	35.0	30.2	35.0
90-91	32.13133278107645	33.5	31.5	34.5	27.0	35.0
>>END_MODULE
>>Per sequence quality scores	pass
#Quality	Count
25	3.0
26	4.0
27	10.0
28	26.0
29	38.0
30	68.0
31	105.0
32	123.0
33	188.0
34	237.0
35	311.0
36	528.0
37	1023.0
38	1616.0
39	547.0
40	8.0
>>END_MODULE
>>Per base sequence content	warn
#Base	G	A	T	C
1	23.41261633919338	28.645294725956568	25.770423991726993	22.171664943123062
2	20.558428128231647	24.612202688728026	29.86556359875905	24.963805584281282
3	19.751809720785936	28.7693898655636	32.864529472595656	18.61427094105481
4	19.586349534643226	27.425025853154082	33.133402275077565	19.855222337125127
5	20.392967942088937	27.962771458117892	31.023784901758017	20.62047569803516
6	21.344364012409514	29.05894519131334	29.286452947259566	20.31023784901758
7	21.42709410548087	28.7693898655636	30.010341261633922	19.793174767321613
8	19.89658738366081	28.086866597724924	30.713547052740438	21.302998965873837
9	19.772492244053772	28.583247156153053	30.527404343329884	21.116856256463286
10-14	20.199387771986434	28.25763216679077	31.03747828245222	20.50550177877058
15-19	19.979317476732163	28.901758014477767	30.3081695966908	20.810754912099277
20-24	20.248190279214064	28.2564632885212	30.746639089968973	20.74870734229576
25-29	20.240754529659966	27.889468023496317	30.880284603292797	20.989492843550924
30-34	20.58324715615305	28.43846949327818	30.295760082730094	20.682523267838675
35-39	20.302804666170264	27.951518160006618	30.735500951435423	21.01017622238769
40-44	20.546018614270942	28.086866597724924	30.254395036194413	21.11271975180972
45-49	20.153050672182008	28.405377456049642	30.39503619441572	21.046535677352637
50-54	20.29369183040331	27.913133402275076	30.523267838676322	21.269906928645295
55-59	20.045501551189247	28.27714581178904	30.457083764219234	21.22026887280248
60-64	20.54947787170562	28.269517652909	30.536217470578485	20.644787004806894
65-69	20.533144215927578	28.363439155646407	29.89028409327938	21.213132535146638
70-74	20.004198152812762	27.997481108312343	30.70528967254408	21.293031066330816
75-79	20.620739297963333	28.737773637633907	30.516153618156412	20.125333446246348
80-84	20.073538843045878	28.218393261789732	30.24926247381248	21.45880542135192
85-89	20.360008674907828	27.915853394057688	30.42723921058339	21.296898720451097
90-91	21.125169453230907	28.976502485314054	29.360596475372798	20.53773158608224
>>END_MODULE
>>Per base GC content	pass
#Base	%GC
1	45.58428128231644
2	45.52223371251293
3	38.36608066184075
4	39.44157187176835
5	41.013443640124095
6	41.654601861427096
7	41.220268872802485
8	41.19958634953464
9	40.889348500517066
10-14	40.70488955075701
15-19	40.79007238883144
20-24	40.996897621509824
25-29	41.23024737321089
30-34	41.265770423991725
35-39	41.31298088855795
40-44	41.65873836608066
45-49	41.19958634953464
50-54	41.5635987590486
55-59	41.265770423991725
60-64	41.19426487651251
65-69	41.74627675107421
70-74	41.297229219143574
75-79	40.74607274420968
80-84	41.53234426439779
85-89	41.65690739535892
90-91	41.66290103931315
>>END_MODULE
>>Per sequence GC content	warn
#GC Content	Count
0	0.0
1	0.0
2	0.0
3	0.0
4	0.0
5	0.0
6	0.0
7	0.0
8	0.0
9	0.0
10	0.0
11	0.0
12	0.0
13	0.0
14	0.0
15	0.0
16	0.0
17	0.5
18	0.5
19	2.5
20	5.5
21	7.0
22	7.5
23	8.5
24	9.5
25	9.0
26	15.0
27	25.0
28	36.5
29	53.0
30	74.5
31	101.5
32	110.0
33	104.0
34	128.5
35	171.0
36	213.5
37	245.0
38	264.0
39	282.0
40	310.5
41	336.0
42	357.0
43	366.0
44	358.0
45	363.0
46	330.0
47	272.5
48	222.5
49	172.5
50	131.5
51	90.0
52	61.0
53	39.5
54	23.0
55	12.5
56	5.0
57	8.5
58	8.0
59	2.0
60	0.5
61	0.5
62	0.5
63	0.5
64	0.0
65	0.0
66	0.0
67	0.0
68	0.0
69	0.0
70	0.0
71	0.0
72	0.0
73	0.0
74	0.0
75	0.0
76	0.0
77	0.0
78	0.0
79	0.0
80	0.0
81	0.0
82	0.0
83	0.0
84	0.0
85	0.0
86	0.0
87	0.0
88	0.0
89	0.0
90	0.0
91	0.0
92	0.0
93	0.0
94	0.0
95	0.0
96	0.0
97	0.0
98	0.0
99	0.0
100	0.0
>>END_MODULE
>>Per base N content	pass
#Base	N-Count
1	0.0
2	0.0
3	0.0
4	0.0
5	0.0
6	0.0
7	0.0
8	0.0
9	0.0
10-14	0.004136504653567736
15-19	0.0
20-24	0.0
25-29	0.004136504653567736
30-34	0.0
35-39	0.004136504653567736
40-44	0.0
45-49	0.0
50-54	0.0
55-59	0.0
60-64	0.0
65-69	0.0
70-74	0.0
75-79	0.0
80-84	0.0
85-89	0.0
90-91	0.0
>>END_MODULE
>>Sequence Length Distribution	warn
#Length	Count
60	2.0
61	7.0
62	4.0
63	6.0
64	10.0
65	8.0
66	4.0
67	3.0
68	9.0
69	3.0
70	8.0
71	5.0
72	6.0
73	16.0
74	6.0
75	3.0
76	15.0
77	6.0
78	4.0
79	12.0
80	14.0
81	7.0
82	9.0
83	6.0
84	19.0
85	11.0
86	9.0
87	23.0
88	43.0
89	35.0
90	192.0
91	4330.0
>>END_MODULE
>>Sequence Duplication Levels	pass
#Total Duplicate Percentage	4.69493278179938
#Duplication Level	Relative count
1	100.0
2	2.2352430555555554
3	0.1519097222222222
4	0.0
5	0.0
6	0.0
7	0.0
8	0.0
9	0.0
10++	0.0
>>END_MODULE
>>Overrepresented sequences	pass
>>END_MODULE
>>Kmer Content	warn
#Sequence	Count	Obs/Exp Overall	Obs/Exp Max	Max Obs/Exp Position
GCAGC	800	3.6073778	9.711032	6
TCTTC	1670	3.392476	5.249831	3
AGCAG	1010	3.3590443	7.162392	1
CACCA	1015	3.3364778	8.495074	4
CTTGG	1125	3.3253486	6.365732	2
TTCTT	2315	3.2699354	4.867118	3
CTTCT	1560	3.1690195	6.124803	1
CTTCA	1430	3.0813515	5.568653	5
TGGAG	975	3.0748944	5.4334955	4
ACCAG	910	3.0088441	4.557241	35-39
TCTTG	1465	2.993464	5.280577	4
CACCG	660	2.958758	5.8022943	55-59
CCTTG	975	2.8651881	6.3286676	2
CAGCA	840	2.7773945	5.6965513	2
CTTGA	1280	2.774286	6.534811	7
GCACC	585	2.6225357	6.029639	80-84
ACCAA	1040	2.5214376	5.2213	5
CAAAG	1030	2.5118184	5.251879	2
TTGGT	1205	2.476621	5.311504	3
CAACA	1020	2.4729483	5.2213	1
GTTGG	820	2.4380052	6.4030147	2
TCTGG	810	2.394251	5.092586	4
ACCAC	715	2.3503268	5.6633825	2
ACCGG	515	2.3222494	5.826619	9
CTTGT	1135	2.3191683	5.280577	3
GCTTC	785	2.3068438	6.3286676	1
AACCA	940	2.2789917	5.2213	3
CCTTC	755	2.205766	5.0334554	2
CAGCT	700	2.1819835	5.3704066	4
TCACC	695	2.1537838	5.3391366	3
TTGGC	715	2.1134439	5.092586	5
CCAAA	870	2.1092796	7.30982	2
AGCTT	970	2.1023886	5.6012664	2
TCCTT	1020	2.0720513	5.249831	8
CTGGC	485	2.0617619	5.493027	4
GCCTT	690	2.0276718	5.0629344	9
GTCAA	855	1.9656775	5.941432	4
TCAAC	860	1.9656603	5.9068375	8
TCAAA	1140	1.9217975	5.0827007	7
GACCA	575	1.9011927	7.120689	1
GTGGA	595	1.8764739	8.150243	3
TGGGA	585	1.8449365	5.433495	2
GGAGA	550	1.8398951	7.204339	3
TCATC	845	1.8207984	6.496762	9
GCGGC	295	1.8141242	5.297473	6
AACAA	995	1.7792243	5.391373	9
ATTGG	815	1.7767853	5.6340714	7
ACCAT	770	1.7599518	6.891311	8
CTGGG	410	1.7531403	5.525198	1
TCCAA	765	1.7485236	6.891311	1
TTCCT	795	1.614981	5.2498307	7
TTGGG	520	1.546052	5.1224117	9
GGTCT	520	1.5370499	5.0925856	4
CTTCG	515	1.5134071	5.0629344	1
AGCCT	485	1.5118029	5.3704066	3
CCGGC	245	1.497873	5.266628	9
GCTGG	350	1.4965832	7.366931	3
TGGGT	470	1.397393	5.1224113	6
TGGAC	445	1.3952417	5.4018583	2
TGTGG	460	1.3676614	5.1224117	2
GTACC	420	1.3091899	5.3704057	6
ACAGC	385	1.2729725	5.6965513	3
CTTGC	430	1.2636214	5.0629344	5
CGGCC	205	1.2533222	5.266628	7
TGGGG	290	1.2472885	5.557557	9
AGGTG	385	1.214189	5.4334955	1
ATGGG	385	1.214189	6.791869	4
GGATG	385	1.2141889	5.433495	5
CGGTG	270	1.1545072	5.5251985	2
CCGGT	270	1.147785	5.493027	1
CATGG	360	1.128735	5.4018583	4
AAGAC	460	1.121783	5.251879	9
CGTCG	255	1.0840192	5.493027	8
GTCAC	335	1.0442349	5.370406	6
AGGCA	310	1.0309938	5.7299137	6
GGGTC	235	1.0048487	7.366931	3
CTGGT	325	0.96065617	5.0925856	9
GTAGG	295	0.9303526	5.4334955	2
CGGCG	145	0.89168817	5.297473	1
TACCC	285	0.8832063	6.673921	7
GGCTG	205	0.87657017	5.525198	9
GCCCA	180	0.80693406	5.7926936	7
GCTGC	185	0.7864452	5.493027	7
GAGGG	155	0.70714015	5.895068	3
GTGTG	225	0.66896474	5.1224113	1
TGAGG	195	0.61497885	5.4334955	7
GGGCC	95	0.5842095	5.297473	8
GGCTC	125	0.5313819	5.493027	7
GGCGC	60	0.3689744	5.2974725	9
CGCCC	55	0.33429933	5.235963	4
GCGGG	50	0.30927947	5.3284984	2
CCCGA	55	0.24656318	5.7926936	1
>>END_MODULE
