##FastQC	0.10.1
>>Basic Statistics	pass
#Measure	Value	
Filename	Trimmed_Partial_SRR2467148.fastq	
File type	Conventional base calls	
Encoding	Sanger / Illumina 1.9	
Total Sequences	4862	
Filtered Sequences	0	
Sequence length	60-91	
%GC	41	
>>END_MODULE
>>Per base sequence quality	pass
#Base	Mean	Median	Lower Quartile	Upper Quartile	10th Percentile	90th Percentile
1	37.92904154668861	39.0	38.0	39.0	35.0	39.0
2	37.86610448375154	39.0	38.0	39.0	35.0	39.0
3	37.17893870835047	39.0	37.0	39.0	33.0	39.0
4	39.33113944878651	41.0	39.0	41.0	36.0	41.0
5	39.343480049362405	41.0	39.0	41.0	36.0	41.0
6	39.41875771287536	41.0	39.0	41.0	37.0	41.0
7	39.289592760180994	41.0	39.0	41.0	36.0	41.0
8	38.99732620320856	40.0	38.0	41.0	35.0	41.0
9	39.434183463595225	41.0	39.0	41.0	36.0	41.0
10-14	39.4524064171123	41.0	39.0	41.0	36.8	41.0
15-19	39.109790209790205	40.4	38.6	41.0	35.6	41.0
20-24	39.134060057589465	40.2	38.8	41.0	35.8	41.0
25-29	38.99600987248046	40.0	38.0	41.0	35.0	41.0
30-34	38.69572192513369	40.0	38.0	41.0	34.4	41.0
35-39	38.93521184697655	40.0	38.2	41.0	35.0	41.0
40-44	38.75043192102016	40.0	38.0	41.0	34.6	41.0
45-49	38.20522418757713	40.0	37.2	41.0	33.4	41.0
50-54	37.871904566022216	39.2	36.6	41.0	33.6	41.0
55-59	36.73735088440971	37.8	35.0	39.8	31.4	41.0
60-64	35.99436163309017	36.4	35.0	39.0	31.2	40.4
65-69	33.88855827218872	34.4	32.8	36.4	29.2	38.6
70-74	34.221192919183544	35.0	33.8	36.0	30.0	37.6
75-79	33.63673654972176	35.0	33.6	35.0	29.6	36.2
80-84	33.4823364296273	35.0	33.6	35.0	29.6	36.0
85-89	33.55579123731381	35.0	33.8	35.0	30.2	35.0
90-91	32.10673158872949	33.5	30.5	34.5	27.0	35.0
>>END_MODULE
>>Per sequence quality scores	pass
#Quality	Count
26	3.0
27	13.0
28	27.0
29	54.0
30	69.0
31	120.0
32	131.0
33	185.0
34	222.0
35	321.0
36	498.0
37	1008.0
38	1643.0
39	558.0
40	10.0
>>END_MODULE
>>Per base sequence content	warn
#Base	G	A	T	C
1	23.549979432332375	30.39901275195393	24.39325380501851	21.65775401069519
2	20.13574660633484	25.339366515837103	31.921020156314274	22.60386672151378
3	19.74496092143151	28.321678321678323	31.962155491567255	19.97120526532291
4	19.55985191279309	27.581242287124642	32.66145619086795	20.197449609214317
5	19.55985191279309	27.684080625257096	31.6330728095434	21.12299465240642
6	21.02015631427396	28.465651995063762	30.357877416700944	20.156314273961332
7	20.07404360345537	27.807486631016044	32.22953517071164	19.88893459481695
8	19.600987248046074	27.128753599341838	32.37350884409708	20.896750308515013
9	20.711641299876593	28.815302344714112	30.440148087206907	20.032908268202384
10-14	20.786539964622154	28.092476037681518	30.819860956847258	20.301123040849067
15-19	20.18510900863842	28.268202385849445	31.122994652406415	20.42369395310572
20-24	20.16865487453723	28.626079802550393	30.440148087206907	20.76511723570547
25-29	20.251758607922994	27.833312764819613	31.210662717512033	20.704265909745363
30-34	20.152200740436037	27.828054298642535	31.641299876593994	20.37844508432744
35-39	20.23696877442712	27.9466820257539	30.86353725264327	20.95281194717571
40-44	20.42369395310572	27.46606334841629	31.085972850678733	21.02426984779926
45-49	20.386672151378033	27.972027972027973	30.88440970793912	20.756890168654873
50-54	20.27560674619498	28.35458658988071	30.48951048951049	20.88029617441382
55-59	20.201563142739612	28.124228712464006	30.617030028794733	21.057178116001644
60-64	19.987639060568604	28.70622167284714	30.63864853728883	20.667490729295427
65-69	20.567405259888176	27.75729964796024	30.772416649409816	20.902878442741766
70-74	20.410209281924892	28.44730356322319	30.531768244287566	20.61071891056435
75-79	20.45617437497365	28.32328513006451	30.46081200725157	20.759728487710273
80-84	20.320810109347743	28.549546866357485	29.957877717738164	21.17176530655661
85-89	20.24452412839677	28.362206765455568	30.301982978355724	21.09128612779194
90-91	20.782423495123865	28.1919067369129	30.34413182378657	20.68153794417666
>>END_MODULE
>>Per base GC content	pass
#Base	%GC
1	45.20773344302756
2	42.73961332784862
3	39.71616618675442
4	39.7573015220074
5	40.682846565199505
6	41.17647058823529
7	39.96297819827232
8	40.497737556561084
9	40.74454956807898
10-14	41.08766300547123
15-19	40.60880296174414
20-24	40.9337721102427
25-29	40.956024517668354
30-34	40.530645824763475
35-39	41.18978072160283
40-44	41.44796380090498
45-49	41.143562320032906
50-54	41.1559029206088
55-59	41.25874125874126
60-64	40.655129789864034
65-69	41.47028370262994
70-74	41.020928192489244
75-79	41.215902862683926
80-84	41.492575415904355
85-89	41.3358102561887
90-91	41.463961439300526
>>END_MODULE
>>Per sequence GC content	pass
#GC Content	Count
0	0.0
1	0.0
2	0.0
3	0.0
4	0.0
5	0.0
6	0.0
7	0.0
8	0.0
9	0.0
10	0.0
11	0.0
12	0.0
13	0.0
14	0.0
15	1.0
16	1.5
17	2.0
18	1.5
19	1.0
20	2.5
21	3.5
22	4.5
23	5.5
24	9.0
25	9.0
26	14.5
27	27.0
28	38.5
29	55.5
30	84.0
31	99.5
32	110.0
33	124.5
34	142.5
35	192.0
36	220.0
37	235.0
38	269.0
39	319.5
40	348.5
41	359.0
42	370.0
43	368.0
44	369.0
45	342.0
46	294.5
47	246.5
48	210.5
49	177.5
50	124.0
51	79.5
52	52.5
53	35.0
54	26.5
55	14.0
56	8.5
57	9.0
58	7.0
59	5.0
60	2.5
61	0.5
62	0.5
63	1.0
64	0.5
65	0.0
66	0.0
67	0.0
68	0.0
69	0.0
70	0.0
71	0.0
72	0.0
73	0.0
74	0.0
75	0.0
76	0.0
77	0.0
78	0.0
79	0.0
80	0.0
81	0.0
82	0.0
83	0.0
84	0.0
85	0.0
86	0.0
87	0.0
88	0.0
89	0.0
90	0.0
91	0.0
92	0.0
93	0.0
94	0.0
95	0.0
96	0.0
97	0.0
98	0.0
99	0.0
100	0.0
>>END_MODULE
>>Per base N content	pass
#Base	N-Count
1	0.0
2	0.0
3	0.0
4	0.0
5	0.0
6	0.0
7	0.0
8	0.0
9	0.0
10-14	0.004113533525298231
15-19	0.0
20-24	0.0
25-29	0.004113533525298231
30-34	0.0
35-39	0.012340600575894693
40-44	0.0
45-49	0.0
50-54	0.0
55-59	0.0
60-64	0.0
65-69	0.0
70-74	0.0
75-79	0.0
80-84	0.0
85-89	0.0
90-91	0.0
>>END_MODULE
>>Sequence Length Distribution	warn
#Length	Count
60	5.0
61	2.0
62	5.0
63	4.0
64	6.0
65	6.0
66	4.0
67	7.0
68	5.0
69	9.0
70	12.0
71	11.0
72	7.0
73	11.0
74	7.0
75	7.0
76	8.0
77	11.0
78	12.0
79	5.0
80	9.0
81	11.0
82	4.0
83	10.0
84	8.0
85	22.0
86	15.0
87	32.0
88	36.0
89	34.0
90	153.0
91	4384.0
>>END_MODULE
>>Sequence Duplication Levels	pass
#Total Duplicate Percentage	4.586589880707527
#Duplication Level	Relative count
1	100.0
2	2.0478551411942227
3	0.2371200689803837
4	0.0
5	0.0
6	0.0
7	0.0
8	0.0
9	0.0
10++	0.0
>>END_MODULE
>>Overrepresented sequences	pass
>>END_MODULE
>>Kmer Content	warn
#Sequence	Count	Obs/Exp Overall	Obs/Exp Max	Max Obs/Exp Position
CACCA	990	3.3924363	7.3893576	8
CTTGG	1110	3.2173254	7.5003834	2
AGCAG	835	3.0111492	10.886895	3
GCAGC	615	2.9792986	10.446459	2
ACCAG	840	2.9528437	7.5803866	9
GGAAG	750	2.7745447	7.9773874	6
CCTTG	950	2.6841757	7.31137	1
TTCTT	2125	2.606763	5.290574	5
TGGCA	805	2.6025841	6.9717064	6
CAGCA	715	2.513432	7.5803857	2
CTTCA	1215	2.4910693	5.305435	3
TGGAA	1010	2.4307325	5.1897445	5
TCACC	765	2.3501794	5.2998037	7
ACCAC	670	2.2958913	5.911486	7
GGTGG	495	2.262437	7.8848147	2
TTGGC	750	2.1738684	5.000255	6
CAATG	920	2.1583352	5.0589604	9
TTGGT	1085	2.098803	5.005568	2
CAAAG	795	2.080344	5.642846	7
GCACC	435	2.0542035	8.146563	6
GAAGA	755	2.0267475	7.067076	85-87
CCAAA	775	1.9769017	5.500644	2
CGGAA	545	1.9653609	6.158392	80-84
CAACA	770	1.9641473	5.5006437	9
TGGTG	660	1.9624588	6.4119015	3
TCTGG	655	1.8985119	6.2503195	9
TCAAA	1100	1.8726043	5.1393895	8
CCAAT	815	1.8638203	5.9177666	8
TTGGG	620	1.843522	5.1295214	9
GTTGG	615	1.8286548	5.1295214	9
CAGCG	375	1.8166455	6.267875	4
CTTTG	925	1.7442111	5.6926637	9
GGCAG	350	1.7393688	8.573216	8
GTGGC	375	1.6707747	5.764585	9
GAGCA	445	1.6047442	5.51014	80-84
GCAAT	670	1.5718311	6.070752	8
TGTTG	805	1.5571765	5.005568	8
CAGTG	480	1.5518514	5.577365	8
CAGAT	655	1.5366411	5.086246	85-87
TGGTT	780	1.508817	6.674091	9
AACAA	785	1.4905957	5.732558	7
AGTCA	615	1.4428004	6.070753	9
GGCCA	290	1.4048727	8.357168	3
TGTGG	470	1.3975085	6.4119015	8
TGGGT	470	1.3975085	5.129521	9
TTCCA	675	1.3839273	5.305435	2
GAAGT	545	1.3116329	5.1897445	7
AAGTC	555	1.3020394	5.058961	8
GGTCT	445	1.2898285	6.250319	6
GGTGT	430	1.2785716	6.411901	6
AGATC	540	1.2668492	5.086246	85-87
AGTAG	525	1.2634994	5.189744	5
TCTGT	670	1.2633744	5.6926637	3
GTAAC	520	1.2199287	5.058961	4
GTCAC	385	1.2133468	6.7960167	9
CACCC	260	1.1968589	5.95595	7
TTTCG	620	1.1690928	5.6926637	2
TGGGG	255	1.1654979	5.913611	5
TGCAA	475	1.1143581	5.058961	1
GGGGC	155	1.061532	5.907335	6
TGCTG	355	1.0289644	5.0002556	4
AGTCT	445	0.9359533	6.3496885	9
CTGCC	215	0.9102398	5.477707	8
CCGAC	190	0.8972383	6.1099224	3
GCTGA	275	0.8890814	5.5773644	1
CGGCG	130	0.8678807	5.7584667	4
TTCGG	275	0.79708517	5.0002556	2
CGGTC	175	0.76004636	7.4924216	5
CCGAT	240	0.75637203	5.4368134	1
GCCGA	140	0.6782143	6.267875	2
GGGCC	80	0.53408045	5.758467	9
CTCCC	125	0.5158729	5.3396664	6
CGGGC	50	0.3338003	5.9608417	80-84
>>END_MODULE
