##FastQC	0.10.1
>>Basic Statistics	pass
#Measure	Value	
Filename	Trimmed_Partial_SRR2467147.fastq	
File type	Conventional base calls	
Encoding	Sanger / Illumina 1.9	
Total Sequences	4854	
Filtered Sequences	0	
Sequence length	60-91	
%GC	41	
>>END_MODULE
>>Per base sequence quality	pass
#Base	Mean	Median	Lower Quartile	Upper Quartile	10th Percentile	90th Percentile
1	37.9283065512979	39.0	38.0	39.0	35.0	39.0
2	37.935311083642354	39.0	38.0	39.0	35.0	39.0
3	37.091882983106714	39.0	37.0	39.0	33.0	39.0
4	39.31417387721467	41.0	39.0	41.0	36.0	41.0
5	39.28512566955089	41.0	39.0	41.0	36.0	41.0
6	39.3339513803049	41.0	39.0	41.0	36.0	41.0
7	39.245570663370415	41.0	39.0	41.0	36.0	41.0
8	38.97156983930779	40.0	38.0	41.0	35.0	41.0
9	39.469921714050265	41.0	39.0	41.0	36.0	41.0
10-14	39.45315203955501	41.0	39.0	41.0	36.6	41.0
15-19	39.040255459414915	40.4	38.6	41.0	35.2	41.0
20-24	39.09480840543881	40.0	38.8	41.0	35.8	41.0
25-29	39.012649361351464	40.0	38.2	41.0	35.0	41.0
30-34	38.67276473011949	40.0	38.0	41.0	34.4	41.0
35-39	38.908158220024724	40.0	38.0	41.0	34.8	41.0
40-44	38.72488669138854	40.0	38.0	41.0	34.8	41.0
45-49	38.198681499793985	40.0	37.0	41.0	33.8	41.0
50-54	37.851380304903174	39.2	36.4	41.0	33.6	41.0
55-59	36.72134322208488	37.8	35.0	39.8	31.4	41.0
60-64	35.990052300594144	36.4	35.0	39.0	31.2	40.4
65-69	33.83817223841148	34.4	32.6	36.2	29.2	38.6
70-74	34.20348109534015	35.0	33.8	36.0	30.2	37.2
75-79	33.65899988272164	35.0	33.6	35.0	29.8	36.2
80-84	33.548555895182616	35.0	33.6	35.0	30.0	35.8
85-89	33.57083225622726	35.0	33.8	35.0	30.2	35.0
90-91	32.17385490887428	33.5	31.5	34.5	27.0	35.0
>>END_MODULE
>>Per sequence quality scores	pass
#Quality	Count
25	1.0
26	3.0
27	15.0
28	26.0
29	59.0
30	69.0
31	112.0
32	135.0
33	178.0
34	261.0
35	298.0
36	493.0
37	983.0
38	1641.0
39	571.0
40	9.0
>>END_MODULE
>>Per base sequence content	warn
#Base	G	A	T	C
1	23.362175525339925	30.490317264112072	25.56654305727235	20.580964153275648
2	20.580964153275648	24.145035022661723	32.22084878450762	23.053152039555005
3	19.324268644416975	26.864441697569013	33.395138030490315	20.416151627523693
4	19.92171405026782	28.059332509270707	32.859497321796454	19.15945611866502
5	19.77750309023486	28.4713638236506	30.26370004120313	21.487433044911413
6	20.148331273176762	28.615574783683563	31.31437989287186	19.92171405026782
7	20.80758137618459	27.19406674907293	31.499793984342812	20.49855789039967
8	20.04532344458179	27.358879274824886	30.902348578491967	21.69344870210136
9	20.93119077049856	27.503090234857847	30.325504738360117	21.240214256283476
10-14	19.836004779760188	28.596151468952165	31.097284601755327	20.470559149532324
15-19	20.168932838895756	28.121137206427687	30.906468891635765	20.80346106304079
20-24	20.15245158632056	27.96456530696333	30.630407911001235	21.252575195714872
25-29	20.219209691375827	28.348922493716262	30.55750133915695	20.874366475750957
30-34	20.725175113308612	28.141738772146685	30.284301606922128	20.84878450762258
35-39	19.99670361366352	28.295356215748484	30.99015204581977	20.717788124768223
40-44	20.43263288009889	27.54017305315204	30.922950144210958	21.104243922538114
45-49	20.564482900700455	28.372476308199424	30.22249690976514	20.84054388133498
50-54	19.715698393077872	28.018129377832718	31.03831891223733	21.22785331685208
55-59	20.181293778327152	28.022249690976516	30.865265760197776	20.93119077049856
60-64	20.634003384653486	27.98530565072027	30.589837784290253	20.79085318033599
65-69	20.546693253572617	27.575606513791957	30.815885676304422	21.061814556331008
70-74	20.414833438089254	28.057825267127594	30.4420699769537	21.085271317829456
75-79	20.362604312280254	28.631338162409453	30.401999406955564	20.604058118354725
80-84	20.431858103765904	27.972237693329333	30.08440083972409	21.51150336318067
85-89	20.322045732239484	28.355733984988657	30.389247687205444	20.932972595566415
90-91	20.71867182169661	28.91744371162156	29.940868774164205	20.423015692517627
>>END_MODULE
>>Per base GC content	pass
#Base	%GC
1	43.94313967861557
2	43.63411619283066
3	39.74042027194067
4	39.081170168932836
5	41.26493613514627
6	40.07004532344458
7	41.30613926658426
8	41.73877214668315
9	42.17140502678203
10-14	40.30656392929251
15-19	40.97239390193655
20-24	41.405026782035435
25-29	41.09357616712679
30-34	41.57395962093119
35-39	40.71449173843175
40-44	41.536876802637
45-49	41.405026782035435
50-54	40.943551709929956
55-59	41.11248454882571
60-64	41.424856564989476
65-69	41.60850780990362
70-74	41.50010475591871
75-79	40.96666243063498
80-84	41.94336146694658
85-89	41.2550183278059
90-91	41.14168751421424
>>END_MODULE
>>Per sequence GC content	warn
#GC Content	Count
0	0.0
1	0.0
2	0.0
3	0.0
4	0.0
5	0.0
6	0.0
7	0.0
8	0.0
9	0.0
10	0.0
11	0.0
12	0.0
13	0.0
14	0.0
15	0.5
16	0.5
17	0.0
18	1.0
19	3.0
20	3.5
21	3.5
22	3.5
23	4.5
24	11.0
25	14.0
26	19.5
27	27.0
28	34.0
29	51.5
30	67.5
31	84.5
32	102.0
33	108.0
34	137.0
35	191.0
36	229.5
37	240.0
38	265.5
39	304.5
40	336.0
41	363.5
42	378.0
43	370.0
44	356.5
45	348.5
46	304.0
47	251.0
48	214.5
49	169.5
50	119.5
51	81.0
52	60.5
53	47.0
54	28.0
55	13.5
56	9.5
57	9.5
58	7.5
59	5.0
60	2.0
61	0.0
62	0.0
63	0.0
64	0.0
65	0.0
66	0.0
67	0.0
68	0.0
69	0.0
70	0.0
71	0.0
72	0.0
73	0.0
74	0.0
75	0.0
76	0.0
77	0.0
78	0.0
79	0.0
80	0.0
81	0.0
82	0.0
83	0.0
84	0.0
85	0.0
86	0.0
87	0.0
88	0.0
89	0.0
90	0.0
91	0.0
92	0.0
93	0.0
94	0.0
95	0.0
96	0.0
97	0.0
98	0.0
99	0.0
100	0.0
>>END_MODULE
>>Per base N content	pass
#Base	N-Count
1	0.0
2	0.0
3	0.0
4	0.0
5	0.0
6	0.0
7	0.0
8	0.0
9	0.0
10-14	0.004120313143798929
15-19	0.0
20-24	0.0
25-29	0.004120313143798929
30-34	0.0
35-39	0.004120313143798929
40-44	0.0
45-49	0.0
50-54	0.0
55-59	0.0
60-64	0.0
65-69	0.0
70-74	0.0
75-79	0.0
80-84	0.0
85-89	0.0
90-91	0.0
>>END_MODULE
>>Sequence Length Distribution	warn
#Length	Count
60	3.0
61	7.0
62	2.0
63	6.0
64	9.0
65	5.0
66	4.0
67	11.0
68	9.0
69	6.0
70	7.0
71	11.0
72	13.0
73	8.0
74	9.0
75	8.0
76	16.0
77	10.0
78	13.0
79	7.0
80	10.0
81	13.0
82	9.0
83	12.0
84	14.0
85	17.0
86	21.0
87	32.0
88	49.0
89	30.0
90	172.0
91	4311.0
>>END_MODULE
>>Sequence Duplication Levels	pass
#Total Duplicate Percentage	4.470539761021838
#Duplication Level	Relative count
1	100.0
2	2.0703040759111495
3	0.15095967220185466
4	0.021565667457407806
5	0.0
6	0.0
7	0.0
8	0.0
9	0.0
10++	0.0
>>END_MODULE
>>Overrepresented sequences	pass
>>END_MODULE
>>Kmer Content	warn
#Sequence	Count	Obs/Exp Overall	Obs/Exp Max	Max Obs/Exp Position
TCTTC	1855	3.5385904	8.201678	1
TTCTT	2550	3.33155	5.617234	6
CTTGG	1115	3.3194094	7.6798654	3
CACCA	1005	3.2970645	9.873606	5
CTTCT	1715	3.2715268	7.3815107	2
ACCAG	950	3.222142	5.833073	1
TGGAG	905	3.0230243	5.7447276	3
TTGGA	1335	2.9541628	6.6598983	4
CAGCA	870	2.9508038	7.291342	2
AGCAG	840	2.945507	6.0305533	3
GCAGC	605	2.854098	10.141447	1
CTTCA	1365	2.8259628	6.230863	1
CCTTG	945	2.7211847	6.1903133	9
CAACA	1095	2.6701934	6.2906604	2
TGGCA	825	2.6655529	5.5566072	3
ACCAA	1065	2.5970373	6.2906604	7
CAAAG	1000	2.52109	6.503632	5
ACCAC	765	2.5097058	5.0778546	15-19
GCACC	540	2.464039	5.88561	2
TGGAA	965	2.3175435	5.1628203	1
TCAGC	720	2.2501225	5.374648	2
AACCA	910	2.2190645	5.242216	7
CCAAA	900	2.1946795	5.242217	9
CCTTC	780	2.1725068	5.9876018	1
GTTGG	705	2.1698751	5.2932453	8
CAGCG	440	2.0757077	6.0848684	4
CAATG	890	2.0674305	6.991258	5
CCAAC	630	2.0668166	5.6420608	8
TCACC	675	2.0404112	6.4983087	4
CTGGA	630	2.0355132	5.5566072	2
GCTTC	705	2.03009	6.190313	3
ACCCA	610	2.0012033	6.1886153	85-87
TGTTG	960	1.9573882	6.136492	7
AGCAC	575	1.9502437	5.833073	7
GGAAC	555	1.9461385	6.0305533	4
GATGG	575	1.9207062	5.7447276	5
GCGGC	290	1.9028475	5.642251	3
GCCAA	555	1.8824092	5.833073	9
AAACC	765	1.8654776	5.242217	5
TTCAG	865	1.8514394	5.52155	3
TGGTC	615	1.830885	6.399887	1
ACCGA	525	1.7806574	5.8330736	1
AGTGG	530	1.77039	5.7447276	8
TTGGG	575	1.7697563	5.2932453	3
GAACC	520	1.7636987	5.833073	3
TGGAC	530	1.7124157	5.5566072	7
TACCG	540	1.6875919	6.7183104	8
CTGGG	375	1.6852219	7.728624	5
GCAAC	490	1.6619469	7.2913413	1
TGGGT	535	1.646643	5.293246	4
CAGTG	495	1.5993317	5.5566077	7
TGGGA	475	1.5866703	5.7447276	6
CTGGC	365	1.5865691	5.606654	4
CCAGA	465	1.5771538	5.8330736	2
CAAGA	595	1.5000485	5.4196935	6
GCTGG	315	1.4155865	5.7964683	1
GGCCA	300	1.4152555	6.084869	5
GGTCA	435	1.4054735	5.556608	9
CGGAA	395	1.3850895	5.5122843	85-87
AGTGA	550	1.3208797	5.1628203	5
GGCCT	295	1.2822956	5.606654	7
GATGA	530	1.2728478	5.1628203	9
TGGCT	425	1.2652457	5.11991	5
GACGG	255	1.2436937	6.2908726	9
CAAGG	350	1.2272947	7.5381923	4
GGCGG	180	1.2210635	5.833271	1
GGACC	250	1.1793793	6.0848684	8
TTCGT	570	1.1241412	5.935543	3
ACGGA	320	1.122098	6.030554	7
AAGAC	430	1.0840685	5.419693	7
CGGCC	155	0.9837346	8.186229	4
CCGGC	150	0.9520013	5.4574857	5
TTTCG	465	0.9170626	5.0876083	2
GGGCT	150	0.67408884	5.7964687	1
GGGCC	100	0.6561544	5.6422515	6
GCCGC	90	0.5712007	5.4574857	6
GCTCC	105	0.44146436	5.4230547	9
>>END_MODULE
