##FastQC	0.10.1
>>Basic Statistics	pass
#Measure	Value	
Filename	Trimmed_Partial_SRR2467143.fastq	
File type	Conventional base calls	
Encoding	Sanger / Illumina 1.9	
Total Sequences	4853	
Filtered Sequences	0	
Sequence length	60-91	
%GC	41	
>>END_MODULE
>>Per base sequence quality	pass
#Base	Mean	Median	Lower Quartile	Upper Quartile	10th Percentile	90th Percentile
1	37.91675252421183	39.0	38.0	39.0	35.0	39.0
2	37.88831650525448	39.0	38.0	39.0	35.0	39.0
3	37.05584174737276	39.0	37.0	39.0	33.0	39.0
4	39.26128168143416	40.0	39.0	41.0	36.0	41.0
5	39.241294044920664	41.0	39.0	41.0	36.0	41.0
6	39.32124459097466	41.0	39.0	41.0	36.0	41.0
7	39.155573871831855	41.0	39.0	41.0	36.0	41.0
8	38.928291778281476	40.0	38.0	41.0	35.0	41.0
9	39.36698949103647	41.0	39.0	41.0	36.0	41.0
10-14	39.42188337111065	41.0	39.0	41.0	36.4	41.0
15-19	38.96064290129816	40.2	38.6	41.0	35.0	41.0
20-24	39.0610344117041	40.0	38.6	41.0	35.6	41.0
25-29	38.94988666804039	40.0	38.0	41.0	35.0	41.0
30-34	38.55784051102411	40.0	38.0	41.0	34.2	41.0
35-39	38.878755409025345	40.0	38.0	41.0	35.0	41.0
40-44	38.69697094580672	40.0	38.0	41.0	34.6	41.0
45-49	38.101009684731096	40.0	37.0	41.0	33.4	41.0
50-54	37.784339583762616	39.0	36.4	41.0	33.6	41.0
55-59	36.60189573459716	37.6	35.0	39.8	31.4	41.0
60-64	35.934271200460806	36.4	35.0	39.0	31.2	40.6
65-69	33.74753051430513	34.4	32.4	36.4	29.2	38.4
70-74	34.20176999483859	35.0	33.8	36.0	30.2	37.6
75-79	33.61148580723395	35.0	33.6	35.0	29.4	36.2
80-84	33.52565038353619	35.0	33.6	35.0	29.6	36.0
85-89	33.56734319663926	35.0	33.8	35.0	30.2	35.2
90-91	32.0931299734748	33.5	31.5	34.5	27.0	35.0
>>END_MODULE
>>Per sequence quality scores	pass
#Quality	Count
25	2.0
26	2.0
27	16.0
28	36.0
29	61.0
30	77.0
31	119.0
32	118.0
33	182.0
34	221.0
35	354.0
36	509.0
37	1063.0
38	1560.0
39	528.0
40	5.0
>>END_MODULE
>>Per base sequence content	warn
#Base	G	A	T	C
1	23.4494127343911	30.908716257984754	24.19122192458273	21.45064908304142
2	20.976715433752318	24.747578817226458	30.991139501339376	23.284566247681845
3	20.008242324335463	27.076035441994645	32.53657531423861	20.379146919431278
4	19.184009890789202	27.838450443024932	32.98990315268906	19.987636513496806
5	19.90521327014218	27.32330517205852	31.95961261075623	20.811868947043067
6	21.32701421800948	28.065114362250153	30.991139501339376	19.61673191840099
7	20.976715433752318	27.838450443024932	31.27962085308057	19.90521327014218
8	19.96703070265815	27.96208530805687	30.970533690500723	21.100350298784257
9	20.935503812075005	29.589944364310732	29.322068823408205	20.152483000206058
10-14	20.709693372898123	28.292944279591165	30.184635674249915	20.812726673260798
15-19	21.00968473109417	28.164022254275707	30.410055635689265	20.41623737894086
20-24	19.814547702452092	28.5184422007006	30.599629095404907	21.067381001442406
25-29	20.5819320804484	28.56495219254863	30.489614243323444	20.363501483679524
30-34	20.43684318977952	28.114568308262932	30.414176797856996	21.034411704100556
35-39	20.529200840786384	28.001483740675106	30.317767794584345	21.15154762395417
40-44	20.16484648670925	27.7683906861735	31.320832474757882	20.745930352359366
45-49	21.001442406758706	27.990933443230993	30.484236554708428	20.523387595301877
50-54	20.16072532454152	28.621471254893883	30.463630743869775	20.75417267669483
55-59	19.90521327014218	28.324747578817227	30.61611374407583	21.153925406964763
60-64	20.04293440118895	28.427527556454606	30.607274078355285	20.922263964001157
65-69	20.394682176983796	28.130452845866223	30.797673452430413	20.677191524719568
70-74	20.378968502948926	27.782657798971012	31.108043669218223	20.73033002886184
75-79	20.551601423487543	27.952889340789692	30.901542111506526	20.593967124216235
80-84	20.367436084107744	27.92599888655732	30.47835210483491	21.22821292450002
85-89	20.400538685433773	28.63721273730397	29.70155089274078	21.26069768452148
90-91	21.59116520171287	28.769438810006758	29.03989181879648	20.599504169483886
>>END_MODULE
>>Per base GC content	pass
#Base	%GC
1	44.900061817432515
2	44.26128168143417
3	40.38738924376674
4	39.17164640428601
5	40.717082217185244
6	40.94374613641047
7	40.8819287038945
8	41.067381001442406
9	41.087986812281066
10-14	41.52242004615892
15-19	41.42592211003503
20-24	40.8819287038945
25-29	40.945433564127924
30-34	41.47125489388007
35-39	41.68074846474055
40-44	40.91077683906862
45-49	41.52483000206058
50-54	40.91489800123635
55-59	41.059138677106944
60-64	40.96519836519011
65-69	41.07187370170337
70-74	41.109298531810765
75-79	41.14556854770378
80-84	41.595649008607765
85-89	41.661236369955255
90-91	42.190669371196755
>>END_MODULE
>>Per sequence GC content	pass
#GC Content	Count
0	0.0
1	0.0
2	0.0
3	0.0
4	0.0
5	0.0
6	0.0
7	0.0
8	0.0
9	0.0
10	0.0
11	0.5
12	1.0
13	0.5
14	0.0
15	0.5
16	2.0
17	3.0
18	2.5
19	3.0
20	6.0
21	7.0
22	4.5
23	5.5
24	13.0
25	16.0
26	18.0
27	32.0
28	44.0
29	55.5
30	66.5
31	88.0
32	116.0
33	128.0
34	139.5
35	165.0
36	202.5
37	239.0
38	264.0
39	299.5
40	338.0
41	363.5
42	358.0
43	337.5
44	338.0
45	344.0
46	321.0
47	270.5
48	220.0
49	165.0
50	123.5
51	96.0
52	66.5
53	45.5
54	30.5
55	21.0
56	21.5
57	13.5
58	5.0
59	3.5
60	4.0
61	3.0
62	0.5
63	0.0
64	0.0
65	0.0
66	0.0
67	0.0
68	0.0
69	0.0
70	0.0
71	0.0
72	0.0
73	0.0
74	0.0
75	0.0
76	0.0
77	0.0
78	0.0
79	0.0
80	0.0
81	0.0
82	0.0
83	0.0
84	0.0
85	0.0
86	0.0
87	0.0
88	0.0
89	0.0
90	0.0
91	0.0
92	0.0
93	0.0
94	0.0
95	0.0
96	0.0
97	0.0
98	0.0
99	0.0
100	0.0
>>END_MODULE
>>Per base N content	pass
#Base	N-Count
1	0.0
2	0.0
3	0.0
4	0.0
5	0.0
6	0.0
7	0.0
8	0.0
9	0.0
10-14	0.0041211621677313005
15-19	0.0
20-24	0.0
25-29	0.0041211621677313005
30-34	0.0
35-39	0.008242324335462601
40-44	0.0
45-49	0.0
50-54	0.0
55-59	0.0
60-64	0.0
65-69	0.0
70-74	0.0
75-79	0.0
80-84	0.0
85-89	0.0
90-91	0.0
>>END_MODULE
>>Sequence Length Distribution	warn
#Length	Count
60	2.0
61	4.0
62	9.0
63	4.0
64	10.0
65	5.0
66	2.0
67	9.0
68	6.0
69	4.0
70	5.0
71	10.0
72	8.0
73	17.0
74	16.0
75	11.0
76	10.0
77	11.0
78	10.0
79	10.0
80	8.0
81	12.0
82	8.0
83	15.0
84	13.0
85	11.0
86	9.0
87	21.0
88	38.0
89	31.0
90	174.0
91	4350.0
>>END_MODULE
>>Sequence Duplication Levels	pass
#Total Duplicate Percentage	3.956315681022048
#Duplication Level	Relative count
1	100.0
2	1.7807337481227203
3	0.12872774082814847
4	0.04290924694271615
5	0.0
6	0.0
7	0.0
8	0.0
9	0.0
10++	0.0
>>END_MODULE
>>Overrepresented sequences	pass
>>END_MODULE
>>Kmer Content	warn
#Sequence	Count	Obs/Exp Overall	Obs/Exp Max	Max Obs/Exp Position
GCAGC	725	3.422225	6.097522	4
TTCTT	2370	3.1054623	5.642083	5
AGCAG	885	3.0753872	5.9851913	6
TCTTG	1550	3.0385573	7.5969586	2
CTTCT	1555	3.0126858	4.838525	30-34
CTTGG	1020	2.9915318	8.840015	2
TCTTC	1505	2.9158149	5.0053706	4
CACCA	845	2.8680634	5.8459296	2
CTTGA	1250	2.6673331	5.512899	4
CAACA	1050	2.623659	5.0193634	85-87
CACCG	560	2.6124399	10.043611	5
GCACC	545	2.5424638	10.043611	1
CCTTG	815	2.3623207	8.7365675	1
ACCAG	685	2.3525286	5.915151	3
CCAAA	925	2.3113186	5.3795953	8
TGGAG	710	2.2934833	6.9545465	6
TTGGA	1060	2.2886817	5.5781775	8
GGCAG	475	2.2686963	6.169721	9
CAAAG	875	2.2122712	6.5319533	9
TTGGC	745	2.1849916	6.314298	3
GTTGG	735	2.181188	6.3890653	7
TGGCA	675	2.1549082	6.873162	5
TCACC	690	2.151541	5.3705907	4
ACCAC	625	2.1213489	5.84593	6
GGTGG	465	2.0645072	5.7351694	1
GGAAG	585	2.0569541	5.4332037	85-87
CAGCC	435	2.029306	6.0261655	6
CCAGC	405	1.8893539	6.026166	4
TTTTC	1430	1.8737602	5.077875	3
GATGG	580	1.8735498	5.5636373	3
AAGCA	735	1.8583078	6.5319533	6
AAAGC	735	1.8583076	5.4432945	5
GCCTT	635	1.8405812	6.240405	1
GTCTT	925	1.8133326	5.064639	4
CAGCT	565	1.7826298	5.434183	5
TCCTT	915	1.7727381	5.8395996	6
ACCGT	560	1.7668545	5.4341836	1
CTGGG	400	1.7551379	7.5574064	3
TTGGG	590	1.7508857	5.1112523	4
CTGGA	545	1.7398888	5.4985294	5
GACCA	505	1.7343456	5.91515	3
GCGGC	265	1.7192645	5.587125	2
CCCAA	500	1.6970791	5.84593	1
CCTTT	875	1.6952413	5.005371	7
CTGGC	390	1.6912338	5.6017256	4
CAACT	710	1.6298397	7.9074793	2
TGGGT	545	1.6173434	6.389065	7
GGAAC	465	1.6158813	5.9851913	4
CACCC	340	1.5675628	5.955646	7
TGGGA	485	1.5666753	5.5636373	5
TGACC	490	1.5459977	5.4341836	5
AGCCT	490	1.5459975	6.792729	7
TTCCT	785	1.5208735	6.673827	8
GGAGA	420	1.4767876	6.0560617	7
ACAAC	580	1.4492592	5.3795953	1
CTTCG	490	1.420291	6.2404046	5
TGGGG	305	1.3541392	5.7351704	3
GTCAG	420	1.3408319	5.49853	8
GCCAT	415	1.3093654	5.4341836	4
GCTGG	295	1.2944142	9.446758	2
CGTTG	430	1.261136	5.0514383	6
AGAGG	350	1.2306563	6.0560617	7
ACCCT	390	1.2160884	5.3705907	3
ATGGC	380	1.2131335	6.873162	1
TGGCG	275	1.2066573	5.668055	6
GGAGC	245	1.1701696	6.169721	2
GAATG	495	1.1633655	5.059907	9
GGTAA	495	1.1633655	6.0718884	6
ATGGG	355	1.1467416	5.5636373	4
CGGCG	155	1.0056076	5.587125	5
GGCCT	230	0.99739414	5.6017246	1
ATTCC	460	0.97009176	7.2645135	4
GGCGG	145	0.9518686	5.6532807	9
GCGTA	285	0.90985024	5.49853	7
GGGTG	200	0.8879602	5.7351704	1
CCACG	185	0.8630382	6.026166	6
GGACT	265	0.8460009	5.498529	3
GGCGT	190	0.8336905	5.668055	7
GGGCG	110	0.7221072	5.6532807	5
CCGTG	165	0.71552193	7.468967	2
CACGT	220	0.6941214	5.4341836	7
CGATG	215	0.68637824	5.49853	8
AGCTA	265	0.6155235	5.0006943	6
TCGGC	140	0.60710955	5.6017256	5
CGCTG	110	0.47701463	5.6017256	1
CGGGC	70	0.45414534	5.587125	9
>>END_MODULE
